-0.638522
0.660778
-1.736822
0.268778
-1.523322
0.838178
3.075578
-2.771122
-5.208522
-2.625522
-4.298222
0.215578
-4.435022
-1.238822
-5.845122
9.131078
-1.313522
-0.670722
-6.133022
-5.875122
11.213878
-1.459222
10.229478
3.411578
0.633978
-5.860322
-1.189722
-4.416322
2.821878
11.287278
0.744378
1.404878
-1.160022
2.148878
-3.425222
-0.768222
0.540678
-1.486822
-3.649322
1.277678
2.796378
2.506478
4.483778
-0.329222
0.348978
-1.961222
4.577278
3.250278
0.778878
-1.838322
-4.000022
2.838578
1.528478
-2.435822
0.455378
-5.383622
-0.745922
-2.767822
0.031678
-2.591022
0.944678
2.053878
-2.581222
-0.572922
-3.838422
-4.759622
3.123278
-2.773022
2.546178
-0.287622
2.026378
-0.691222
-1.975022
-0.197022
-1.597922
0.653478
-5.477122
-2.303722
3.356678
-5.193222
3.529178
2.955678
1.698378
-1.786922
-0.303922
-1.138122
-4.323922
-3.896622
1.606678
0
-6.270522
-2.387522
-2.851222
2.196978
-1.703522
-0.129422
-2.507622
6.025978
-5.473522
-0.983822
-0.563422
-6.002022
-4.347022
13.107478
9.096878
7.668878
1.746478
6.083878
1.090378
-9.764422
-1.112422
-7.543822
5.841378
1.940578
-0.648622
0.952478
-0.222622
5.777978
-1.115022
-6.254322
4.970478
2.206978
-6.468722
-3.948022
1.505378
2.588978
-5.024122
-2.451022
1.734578
-0.125022
3.824478
-2.932322
1.295478
1.558878
5.287378
-0.482322
0.621278
2.605778
-6.690922
4.197078
6.544178
-7.097222
-1.069922
-0.385322
-3.503322
-15.155422
3.335878
-10.931222
18.663678
19.989378
-3.109922
-0.110622
-5.163222
2.362778
3.801878
-11.921322
15.538678
12.129778
-2.184522
-18.455022
-5.133222
-12.991622
-4.961122
-10.218922
9.115478
11.612378
18.211578
-12.846322
-2.043922
-6.425722
1.400678
-6.041122
-6.075522
-1.587222
-7.409522
-3.387922
14.311678
-3.739222
1.538578
4.108378
2.480178
4.921478
-13.975222
-8.799222
2.593578
-5.171322
-3.668022
-10.751322
-1.981622
0.730078
-6.628222
-5.972422
-20.010622
-20.010622
-19.968122
19.989378
2.174278
15.943278
17.578078
-20.010622
11.927378
8.299578
-5.381422
4.178578
9.846678
0.815778
-2.820922
-8.805822
1.706678
-3.906722
11.205578
-4.870922
-5.119222
-5.528822
-3.856822
-3.418022
3.977078
-0.748122
-2.388022
3.490178
-1.334122
6.397678
-0.850922
5.356578
-4.166122
0.129278
-5.736922
-17.047622
5.346478
-20.010622
-15.463122
-8.626822
-20.010622
19.989378
-15.269522
11.564978
-4.045222
6.595978
18.580878
-7.374022
-8.985022
2.806278
-5.216122
0.856478
1.135478
10.754278
1.012378
-15.200522
10.138678
-2.178622
-3.334722
-12.331522
-4.912622
-13.756322
-20.010622
9.732978
19.989378
-3.087522
-2.391622
-20.010622
-20.010622
1.656078
-7.387622
-9.745122
0.969778
1.931078
19.989378
6.196278
8.430978
6.576178
19.989378
7.714678
19.989378
-15.595022
0.758578
19.454978
-3.844522
-2.004022
-4.756422
-6.772222
-11.842722
9.513178
5.918278
2.228178
4.003978
-4.572022
1.459978
-2.184522
12.581978
19.989378
5.515678
-1.008122
0.996978
-8.988222
-19.462722
10.193478
0.297978
-1.549122
-0.323122
-3.772422
-5.873822
7.947878
-2.254222
-2.633622
7.733478
3.426878
16.605678
-1.305922
5.501178
-3.990722
-5.191922
-6.841222
4.094978
-1.982422
4.587078
3.560778
-2.132622
0.802378
-1.354722
2.714178
-1.867422
-0.821422
1.351778
-0.817122
-4.888622
-3.429422
5.299078
-3.091822
-1.166722
-0.303022
2.042178
0
-0.298022
-2.892422
-3.571422
-5.241422
1.612778
1.267378
-5.373422
0.322678
0.986078
-0.339522
0
-0.340622
-1.666222
0
-3.040922
-3.135622
-3.594822
-2.612822
2.661178
-3.728122
7.325278
5.025378
8.550978
-4.427022
-0.340622
-7.626522
-5.028522
5.649778
-1.082022
-1.454622
-1.475822
10.398278
8.406878
-2.495122
0.944778
0.304878
2.190678
10.143178
6.134678
1.305178
2.327078
-6.355822
7.848478
1.999478
-0.503222
-1.000722
3.489378
-0.252122
8.463978
4.900078
2.542578
-1.462922
-2.536922
9.060678
3.553778
-4.408322
-9.210622
0.429878
4.594678
1.666478
-3.515822
-0.438022
1.920678
-2.958022
-1.962922
-8.860222
1.931078
5.227478
-3.630522
3.979978
4.955478
-2.806322
-2.001822
-1.139322
4.327278
2.833978
2.968078
-6.415622
-0.231422
3.307978
0
-0.653022
0.204878
-0.440722
3.013178
1.247278
3.509078
-5.010622
-3.379022
-1.099922
-2.433522
-0.236322
0.894378
0
-4.270722
0
-4.460222
5.626678
-5.115022
-2.455622
1.242478
-1.743322
2.256378
0
3.191378
-0.249322
-0.489122
-2.414422
-0.256922
3.199278
1.424778
1.168578
-0.709922
-1.419122
1.894178
-1.646122
-0.960722
-2.648522
1.220878
-0.253922
0
-1.230122
0.236278
-0.749522
-2.988322
-1.289422
0.248478
2.056578
-6.339722
-3.794422
-3.100522
-7.257022
6.239378
0.577578
-2.349822
-1.507622
1.813078
1.183378
-0.600622
-1.494322
-0.311822
2.708378
3.812878
3.105478
0.264078
-1.654422
1.103578
-3.040922
-0.578822
0.275078
-2.574722
3.498178
-2.270522
-5.501922
-0.622222
-0.626022
-2.487422
1.576678
1.239378
2.458478
0.591778
2.085178
-1.183622
-5.648622
1.247278
-2.184522
0.941778
0.618278
0.301878
-0.945222
4.077478
3.010478
0.575878
-0.302122
1.158978
-3.189822
2.974478
-1.749722
0.284378
-0.304722
0.284378
0
0.871778
2.030178
1.703678
7.292778
3.654278
5.544978
-5.034522
-2.025722
4.102478
0
-0.751322
-2.995722
3.579078
2.217078
0.473678
2.880978
0.926178
-3.026822
-2.163722
-0.988622
3.199278
1.903278
0.693578
1.621078
2.512278
1.779078
1.967378
-0.441622
6.699378
-2.444722
-5.208122
7.006878
1.833678
-0.815422
-1.227622
-0.215922
-5.154622
-5.867422
2.523978
2.461278
-4.177322
0.904678
-3.412022
-1.888522
-3.359922
-1.000722
5.489378
-1.195422
0.229178
-2.163722
-2.700122
-3.025722
-3.378522
2.134178
-4.735022
3.295178
0.789378
0
2.105778
4.134478
-1.503122
-2.788422
1.807578
1.009778
-4.303522
-3.968422
2.187178
4.021678
0.764578
-0.523422
0
2.824478
0
-0.762522
1.251978
0.238778
-2.000622
-1.279622
-2.838422
4.222178
1.512178
-6.760622
0.793678
0.521278
0.253978
0
2.891778
1.784278
1.752578
1.722078
4.612278
-2.103622
-1.198222
-6.260622
2.040678
0.240678
-1.263722
3.796478
-1.722122
3.223178
0.230378
-1.693322
0.722878
-0.496022
2.184478
-1.442622
0.231478
-0.976822
-0.986222
0.481978
-1.971422
-3.760622
0.508878
0.247778
-0.268322
-0.527422
0.249078
-1.824122
-1.066022
0
-1.077322
-0.819222
-0.554122
2.721578
-2.404222
1.079278
3.762978
0.768578
0.762578
-2.056622
0.250478
1.812278
0
2.035378
-1.263722
-0.518222
1.264878
-0.514422
1.002078
-1.263722
-1.533422
-2.072522
2.620978
-0.779822
0.247778
1.020278
-0.265722
4.592978
-1.477622
2.470778
-0.737022
1.940578
0.228578
-0.249322
1.424778
0.225178
-4.481222
-2.720022
5.558978
-2.648522
1.220878
-0.983822
0.972178
2.422478
-0.723222
-0.249822
0
0
-0.490222
0.471278
0.468978
3.330678
3.684578
-1.124222
-3.163822
2.780078
-1.368122
-1.616122
0.688678
-2.325422
-0.721522
2.614678
-0.708322
-2.118322
-1.924522
1.696678
-1.449422
0.962578
1.194178
2.370378
2.780078
0.668078
0
3.809578
0.422278
1.066978
1.695178
0.827978
-2.505422
-2.142822
0
2.385878
0.202178
0.626278
-0.221622
-1.067722
1.912478
0.198978
-0.219822
-0.220222
-0.640922
3.583478
0
1.417978
-0.413022
-0.212622
-0.617922
0.600378
2.823378
-0.798022
1.775078
-6.443322
-0.843922
0.829678
1.864378
-0.624122
-0.833622
-0.218122
0.405178
-2.288022
2.107978
1.649178
-1.031022
-0.835322
0.197278
1.649178
-0.214722
-1.033122
-1.250322
2.081478
0.604178
0
-0.214322
0.805678
-0.617922
-4.491322
0.202578
-0.223422
0.202578
-0.436122
-2.361022
0.645878
1.728478
-3.002122
-0.451122
2.644278
0.204878
-2.376222
0.650178
-0.667122
-2.213222
-1.136722
1.356078
1.112978
-1.566222
-0.236322
-0.463122
0.671178
0.666578
-0.683222
0.440878
0
-0.684822
0.668078
-0.460022
0.892278
2.673978
-0.228522
-0.447322
-0.668522
0.430878
-1.109522
-1.566222
-0.236322
0
2.478078
0.872378
-0.448222
-0.669922
-0.231822
0
1.763178
0
-2.189222
0.657578
0
-0.895622
0.882278
-2.311522
0.079978
-2.906522
-1.175622
-2.108722
-0.829322
0.839078
-0.732822
0.328878
-0.880622
-2.107122
0.860878
-0.454922
-0.283322
1.854078
0.428678
-3.655822
0.897278
-0.410522
-4.477422
-1.297722
-2.059622
2.597378
0.386478
3.285778
-1.006322
-2.021922
-0.984322
1.769878
-0.376122
3.002978
0.498178
-0.263722
0.446078
0.999778
0.389478
3.351778
0.326678
2.967278
-0.733522
-1.326122
1.465178
-1.418122
-5.340122
-1.820122
1.013178
-1.150722
-1.650822
-1.678122
0.731278
1.567478
4.391278
-0.159422
-0.879922
-0.486722
-3.661222
-0.245822
0.408478
0.354578
-3.752822
0.583378
-6.586022
-3.946322
-16.428122
13.835578
-10.475722
6.307378
-1.463222
4.746478
-4.263922
-0.311222
-6.275322
-4.335122
-2.662822
4.824378
4.125578
4.839978
0.022878
4.848578
-1.129222
0.344878
-3.392222
-5.343922
-2.475422
4.610278
-3.461322
-4.442322
0.812078
0.323178
1.246278
4.370578
1.388478
-4.425922
-2.825522
-5.246422
-6.123522
4.246478
6.954978
0.999878
-3.975022
3.770278
-4.769022
-9.807622
5.528078
1.301378
5.290878
-5.352622
7.541178
5.085678
4.874478
-5.353122
2.738978
-1.665522
6.971078
-1.650522
2.337078
0.720778
4.279778
-2.225822
0.798478
9.684378
-0.039922
-7.534022
-7.671322
2.251978
3.174078
-1.440122
0.681578
2.837178
-8.190122
-0.773222
2.434378
-3.249622
-1.279122
-4.150522
-3.212422
1.066278
-4.881222
-2.170622
-3.894522
0.499778
5.998678
0.747878
8.864178
-1.793722
4.361378
5.882178
-0.278822
0.258278
-6.983422
3.665078
-5.398222
-1.186222
-3.170522
-0.509622
0.413778
-4.659122
4.542178
0.567378
5.928078
-0.697822
-2.049922
-2.873122
2.400378
-1.692222
-0.890322
0.166878
-0.435822
-1.505322
0.567378
1.929078
-0.433422
-1.178322
-2.624322
-0.782722
2.212378
1.910378
-1.966522
1.077478
0.635278
4.374378
-2.230522
-0.045522
-2.316722
1.205378
3.946978
-2.729822
1.946078
-0.044922
-0.113422
-2.001022
-1.796322
-0.509722
1.673378
3.935778
-1.163122
-0.559322
0.541078
0
-1.416622
0.476378
0.750878
-2.861922
-0.788522
0.666478
2.467278
0.921978
2.658778
1.389378
-0.569422
3.956278
1.102278
-6.205622
-2.826622
-1.217922
-0.429622
3.074978
-0.554822
-0.557822
2.121378
-1.660422
0.194778
0.399378
2.030878
-0.710822
0.493078
1.726778
-1.521322
-1.777922
-2.386722
-1.783922
0.768178
-1.485822
1.379778
-0.924822
0.450678
0.024678
-1.846822
-1.773222
0.831578
2.748978
-2.872822
0.789678
0.638978
-2.771422
4.119178
2.928478
-0.492222
-0.460022
-1.191222
1.640778
-2.430222
-0.931622
-0.868722
2.225178
-2.127022
-0.443022
-0.444922
-2.337022
-3.695022
0.375778
0.181878
-0.702122
-2.409122
0.861378
-0.796522
-0.406622
3.965478
4.234078
0.943178
-6.042622
-0.861322
0.613378
2.431278
-3.756322
2.819578
-2.533522
2.381578
0.448978
-1.954922
-1.099222
-0.639522
3.668178
3.079778
1.358778
2.691078
-0.828222
0.777878
-0.757422
0
-0.368922
-0.442122
-1.346822
-0.120422
-0.413722
2.417678
-0.657222
-1.420622
1.052778
1.368178
-2.337022
-0.706822
-0.748622
-2.055222
-2.667122
1.821778
-0.087222
1.292078
3.393278
1.013478
-2.907122
-3.105322
-5.474222
2.797678
-0.406522
0.943278
0.146878
1.089978
3.449678
2.958178
-8.733222
6.706678
-0.797422
-0.879222
0.256078
-5.367722
-6.754922
-0.957722
-3.096222
-3.598022
18.594078
-5.500822
-5.985722
6.741378
-1.085422
3.290678
-5.512222
-7.844522
3.658678
-1.623522
-3.562522
9.054578
-0.443522
-1.619322
-1.336322
1.288078
4.012378
-6.172922
-5.445422
2.958678
-0.940822
-0.480122
-4.255922
4.669178
-5.610622
-3.699522
1.542178
-6.789422
-4.165922
12.254078
5.121478
-3.393922
2.490678
-1.328322
-7.973022
2.891078
3.749178
-3.835522
3.966378
5.726678
-1.962122
0.037878
-5.638922
-0.473322
-1.663522
5.609078
-2.248322
-1.841722
-0.943222
0.303178
0.510778
-0.581122
-0.219322
-0.899322
1.993578
0.506478
4.567578
0.923978
1.158978
-6.031822
3.115978
-2.992722
-0.266722
1.786978
-3.693722
0.775178
2.432178
-6.251122
4.859478
-11.723722
0.515378
2.489378
0.159578
2.141178
-2.505122
-2.796322
4.258378
3.747078
0.692078
2.190178
3.245678
-1.129622
-3.302822
2.170278
0.249678
-0.893322
-5.248922
0.155178
-1.169522
0.491878
-4.399522
-0.243022
-1.233722
-3.194622
-1.654922
-2.239722
0.559378
1.500678
-5.283622
0.054878
-0.861422
8.768278
3.812178
-0.595122
-2.127022
-2.413022
3.989378
0.344378
1.050678
-0.477322
7.433678
-2.192822
-0.289522
5.302578
-3.728122
-3.595822
5.080878
5.106378
-0.114222
-2.810022
0.042678
0
2.281478
2.490678
-0.417322
-1.235722
-2.697922
4.928278
-2.844622
-3.083522
1.923778
-1.012222
0.734878
10.507378
-2.449622
-2.314522
1.594978
0.038778
-0.109322
-0.257622
-1.991822
0
-2.385522
0.506978
-0.525522
2.939678
-0.714522
1.558978
0.786978
1.868678
-1.418422
0.334078
-2.758422
-0.363822
2.976678
-1.043022
1.579078
2.140978
2.430778
0
1.531478
0.449578
1.409478
-0.417122
0.125478
2.117978
1.231078
2.179478
0.375178
0.117478
0.970178
-0.770722
2.414878
-3.292722
0.247078
0.546378
1.352778
-1.860122
2.173578
-0.387822
1.125278
-2.797622
-0.738022
-2.898522
0.122578
-0.542522
-0.233422
3.741078
-0.527222
4.359778
1.316078
-0.624322
0.977478
1.212378
-0.131422
3.053878
-8.265722
-1.460522
1.547178
1.395478
0.031378
-1.228622
1.307378
-0.262422
0.157678
-1.480622
0.415678
-0.604822
-1.248922
1.718778
0.371878
0.285778
-1.867922
1.408778
0.286278
0.073978
3.115678
0.931578
0
-0.375922
0.559678
-0.051122
-0.132222
-2.647522
-0.593922
1.037178
2.104678
0.801678
-0.171822
0.877178
-0.570622
0.552578
0.789378
0
0.386178
-0.168722
0.147778
1.847078
-0.243422
0.883978
-1.514122
1.085278
-0.320322
-0.127122
-3.276522
0.310878
-1.292722
1.896878
-0.050422
2.260278
-0.478122
0.654778
0.339278
0.570578
2.878478
-0.796822
-0.538922
0.027278
0.785778
0.026978
5.367378
2.344878
-0.324422
-2.004322
0.703178
-1.747022
0.530278
-1.266022
1.914578
1.450578
0.164978
1.637378
0.058378
0.368578
0.813578
0.908978
-0.314322
1.546578
0.356078
-1.106622
-0.547922
1.069778
-0.110822
-0.411822
-1.924022
0.639578
2.029478
-0.777022
0.157278
0.492178
-0.644422
-0.749122
0.462878
0.527878
-0.077622
0.860378
-0.309522
0.255878
-1.671722
2.556978
0.516378
0.972378
0.313878
0.248078
0.537778
0.695178
-1.380522
-1.561022
1.531378
0.021678
-0.624322
-1.050622
0.679078
-1.282622
-0.671322
0.920578
1.999278
-0.333622
0.767078
-1.650522
-1.906622
-3.509422
1.232478
0.603278
0.565678
-1.729522
-3.371422
0.805578
0.165378
0.586678
-2.769922
0.635978
-1.081322
1.035578
-0.082022
0.453878
-0.686322
1.493178
0.835978
1.318478
-0.701022
-0.149622
-1.402922
1.048278
-0.115422
0.234178
1.210178
-1.940322
0
0.586678
-0.150322
0.129278
0.583178
0.579678
0.714278
0.297778
0.057678
0.262478
0.874678
-0.078122
-0.078122
0.023178
0.935278
-0.780322
1.203578
-1.176922
-0.246622
0.597678
-1.623022
-0.454422
0.366578
0.160178
0.091678
1.931478
1.393078
-0.076522
0.418178
1.204478
0.151578
-0.658522
1.195778
1.020278
-0.106322
0.180878
-1.380522
0.473878
-0.846322
0.183878
0.280578
-1.494522
1.037178
-2.376122
-0.939922
-2.925222
-2.667622
2.577078
-0.217922
1.928478
-0.689922
-1.070822
0.023978
-1.185422
-1.269322
-4.012022
-1.006522
-2.134322
-0.771922
-4.076622
3.947778
-0.779822
0.338178
2.190978
1.501078
-3.994222
-1.949322
-0.722322
-1.285022
0.836478
2.629378
-0.634122
4.224678
-0.988822
0.179378
0.254878
-1.863922
-0.704222
-1.795622
-1.235422
-1.890622
-0.907522
-4.124122
-1.297622
0.641278
0.464378
2.352978
2.004478
0.442078
-0.584122
2.296778
1.197578
1.222978
0.264578
-2.441022
1.355378
0.980278
-1.423522
2.855578
-0.126722
1.112978
0.219278
-0.813422
0.297678
-0.855822
2.004078
-0.656322
-1.654322
-1.409722
0.698878
0.224178
-2.119222
-0.848322
-1.498922
-0.378122
0.399178
0.846478
0.434578
-1.541622
-0.869822
0.195778
-0.999122
0.238978
-1.172422
0.451178
-1.222522
-0.729722
1.821478
0.156778
1.451378
-1.369222
-0.135822
0.323678
-0.677022
5.272378
-0.329222
0.348978
0.825378
-0.444922
0.822078
-1.111722
-2.157722
-0.742022
1.422078
-0.212422
-0.212822
-0.739922
-0.051422
-0.459822
-1.938422
1.829578
0.317878
0.398678
0.152478
0.070778
0.965378
2.043378
-0.444722
1.218078
1.085678
-2.799122
0.826078
0.423978
-0.168022
-0.759222
2.807978
0.568578
0.872278
1.473378
1.039278
1.622078
-1.324922
0.396378
-1.079122
-0.159622
0.511578
-0.047722
-0.975722
-1.547322
-0.277122
-1.499122
-0.940522
1.045278
-0.591122
0.145078
-2.381422
0.984578
-0.483622
0.226978
-0.208222
3.077278
3.253578
0.472878
-0.676822
0.101178
1.329178
-0.561522
0.949478
-0.339822
1.347178
0.822078
0.492078
-0.332122
-0.333222
0.924278
0.416878
0.379578
-0.823322
-0.224422
-0.153422
-0.439622
0.204778
0.240178
0.382478
-0.331022
2.917978
-0.774022
-1.339322
-0.400422
1.554678
-1.271522
0.379578
1.261478
-0.673522
-0.432122
-1.174622
1.274178
0.236078
1.149278
0.302078
-3.890122
-0.082722
0.926978
-0.189222
-1.048522
0.423378
1.537778
0.273078
-1.106822
-1.691022
-0.919722
-0.084022
-1.002222
0.211978
0.692578
-0.561922
-1.747522
0
0.666278
-0.832422
0.102378
-1.590722
-0.316422
0.449478
-0.964822
-0.896922
0.728078
-0.087822
-1.864622
1.051978
0.028278
-1.178422
-2.373722
-0.050922
0.070078
2.126478
-0.129022
0.937978
1.046578
-0.746722
-0.830322
0.304178
0.460178
-0.869622
0.343878
0.264078
0.889578
1.424578
0.180578
-0.506822
-0.355822
-1.319322
-0.049622
-0.830022
-0.207322
-1.153722
0.268478
2.414778
-0.942322
0.342078
2.254078
0.714878
1.240278
-2.968322
-1.013722
0.573978
0.957978
-1.046722
0.299578
-0.165222
-0.630022
-1.218222
-0.168322
-1.155922
-1.848422
-0.214122
0.682678
0.110878
-0.941022
-1.317322
-0.093322
0.154978
1.973678
0.354178
0.999078
-2.329722
-0.870222
-1.290522
0.407578
0.197578
-0.509422
0.072878
-1.054022
1.381178
0.738178
-1.992422
1.084578
1.072678
0.854978
1.174478
-0.454922
-0.091722
-1.350422
3.693078
2.370378
-0.708322
1.472578
0.066278
0.027778
1.141878
1.660478
0.549678
-1.087922
-0.348622
0.328478
-0.611422
1.160478
-0.720122
3.562178
-1.753522
0.137178
1.576078
1.369678
0.598478
-2.681522
1.416378
-1.165022
-0.485122
-1.734122
0.437178
-3.651022
-1.012922
-4.683522
4.482878
-5.405422
4.080278
-0.367922
1.622878
-0.637822
-0.405122
-2.307622
-2.523822
-0.301722
3.075278
0.717578
-1.335922
2.756978
2.325978
1.498678
1.399978
-1.476822
-1.574922
-1.134622
1.910178
0.835578
-1.841322
0.572178
0.568778
1.755878
1.838478
0.471078
0.321278
-0.855922
-3.680022
-3.588922
0
1.505778
0.893478
-0.361222
-0.518822
-2.211022
-1.457022
3.291478
2.159878
1.727478
-0.352322
2.617978
0.212078
-0.158722
0.805378
0.320478
-1.074022
1.212478
-0.669722
-0.342322
0.433178
0.099878
-1.408222
-0.831222
2.471478
-1.001422
-1.307922
-2.413922
0.066378
1.988578
-1.066022
2.084578
1.332678
-3.545222
0.294678
2.386678
-0.568022
-0.085322
-2.516222
-2.043622
-0.950322
-1.196422
-0.850622
-1.301422
-0.705322
2.335078
-0.131222
2.968478
-1.183422
-0.247922
1.892678
-0.166222
-0.244422
-0.791922
1.170478
-0.749922
0.969378
-0.670522
-0.127822
1.710778
-1.818322
1.947878
-1.047922
0.183478
0.841778
0.027778
-0.855522
0.763978
-0.241222
1.910378
1.242078
-1.350022
0.276978
2.237878
0.842078
-0.566822
-0.021822
-2.662222
0.839878
-1.218622
0.566178
-3.084322
-2.400822
-0.047022
5.106978
-0.829722
1.245678
-1.320222
-0.150322
3.113278
-4.577122
0.664478
1.106978
-0.883222
1.233478
-0.080222
-1.147522
-0.761622
2.874178
1.713078
-0.338222
0.567378
0.192178
0.765378
0.089778
-0.177822
-1.049122
1.208078
1.215678
2.291178
0.516878
0.653378
0.265978
0.127278
-0.190722
-1.730022
-0.161822
-0.021422
-0.724522
1.383878
-3.631522
-0.110922
-0.122222
0.614978
-1.398422
1.239078
-1.244922
0.405978
0.538778
0.245878
1.535378
1.489878
1.813078
0.201378
-0.951822
-1.249022
-1.967122
-1.002922
0.690978
-1.204922
-0.670922
-1.080922
-2.402122
0.036078
4.140978
-2.832222
2.616378
-1.335422
0.808578
-1.759822
1.482578
-0.429322
0.705378
-0.902022
-2.333322
-1.036422
3.275178
-0.900022
0.771678
-1.369022
0.151378
1.814878
0.238978
-1.074622
0.973278
-1.506022
-1.172222
-1.907322
2.065078
-0.684522
-0.080822
-3.791922
-1.689622
-0.604622
1.495678
1.755378
-0.155222
-2.267422
-0.245222
1.103278
-1.259122
0.262078
4.290978
-4.691822
-0.893422
-3.924322
2.273978
-0.036122
-1.146822
1.642278
-0.722022
-1.648322
1.667278
-0.931722
-0.501222
-0.711322
1.844878
1.092678
1.943478
-0.072822
-1.990722
1.564778
0.639778
0.871678
-1.451822
-3.372722
0.894678
-2.420222
-0.693622
1.510178
-4.582722
2.705778
0.401378
2.556878
-5.494522
4.330678
-1.515222
3.270478
2.381678
-0.927622
-1.519222
0.426978
3.372678
-0.035422
-8.181722
4.850278
1.174078
-1.385022
0.557078
-0.806122
-1.627322
1.211978
-11.698922
-8.304722
17.179878
-0.859022
-13.963122
11.376678
-2.040822
10.203978
-4.664622
-9.702922
9.002878
-1.928522
-4.283522
13.259178
-0.291122
0.525178
-1.249822
0.218778
4.296778
-4.914522
-5.072322
5.692678
0.084078
-1.861522
-5.131022
9.390178
-2.304722
-0.417822
4.009578
-3.823022
-6.698222
10.644778
3.933478
-0.886222
3.548478
-0.925422
-7.296922
4.430278
1.690178
-3.380722
0.422078
3.905778
-1.769422
2.380678
-0.073022
0.526778
-0.632122
3.979378
-2.512422
-5.019222
-2.582022
-0.157222
0.242978
0.894878
1.849978
1.064678
0.719978
1.567178
2.256678
-0.022822
-1.639922
-2.563522
1.062878
-1.932522
-1.338422
1.792378
-3.629722
2.066578
1.867778
-2.328122
3.882378
-1.310122
-0.253522
0.706978
0.396478
0.407478
-2.849722
-0.685922
0.263978
1.853978
-0.599422
2.719178
0.691278
-1.081122
-4.212922
-2.059522
0.847478
-0.848122
-4.448222
0.915278
0.295178
-1.299422
-2.720122
4.015378
-0.066122
-1.537322
-4.309422
-4.414122
-0.857922
2.040378
-5.278622
2.898378
0.832778
4.356778
-2.414522
2.087578
0.063878
-0.352922
3.154978
0.105178
-1.225022
-3.288822
6.707478
-1.641122
1.113578
1.514478
-1.765522
-1.939722
-0.782922
1.648678
1.462678
0.259878
-0.564322
-1.923522
0.353178
1.265478
-2.616622
-0.481022
0.639278
-1.081922
-0.989722
-2.197922
1.429078
-2.245222
1.471978
1.298178
-0.671622
1.425978
2.016778
-2.596822
1.999278
0.268778
-0.817122
1.364078
0.499778
2.702278
-2.171622
2.226978
-1.493222
-0.024922
-0.942422
2.000678
0.017778
-1.301022
-1.763222
0.632778
1.413178
-2.173622
1.350978
0.162678
3.464478
1.605878
-1.162522
1.237978
-0.024322
0.263478
-0.078922
0.974078
0.273778
-0.375222
-1.325322
-1.631322
-0.303822
0.017378
-0.556522
-3.121122
0.149178
-0.735822
2.078478
-1.198422
2.205178
-0.959922
0.919178
-2.944322
-0.580022
-2.272022
-0.461322
-0.448322
-1.299122
0.880078
0.780878
3.341878
0.018578
0.076978
0.602378
2.208678
-0.691722
2.303978
0.938978
0.625678
-1.192722
-0.650522
-1.004622
-0.477222
0.358778
-0.081422
-0.818022
-0.439022
-0.383522
-0.428022
-1.528422
1.427778
-0.531522
-0.796122
-2.444322
-0.100822
2.260378
0.856978
1.928478
1.963078
-0.880222
0.965578
-0.725222
-1.054922
-1.393922
-1.080722
-0.346822
0.106678
1.337178
2.114278
-0.222922
0.202178
-0.958922
0.017978
-0.739222
1.212578
-0.721422
0.204178
-0.610722
0.363078
-1.199222
-0.112022
-0.344322
1.284878
-0.757822
-0.676622
-1.963722
-1.036322
1.491378
1.587478
0.003978
0.542778
0.307978
1.230878
0.174778
2.238178
1.520578
0.236178
0.673178
-0.825622
0.386578
1.530778
-1.179322
-0.472722
2.283478
-1.439022
0.151878
-3.106922
0.659078
-0.578922
-0.623922
1.672378
0.099678
0.361378
-0.340022
0.402578
-1.395922
0.782178
2.693978
0.795478
0.309278
-0.834322
-0.372322
1.764078
0.346078
0.647578
-2.102922
0.256478
1.281478
-0.339422
-1.066122
-0.997422
-0.657122
-1.122222
-0.229922
-0.546422
0.583278
-4.322022
-0.756822
-1.080422
-0.317522
-0.025322
0.429178
0.076978
-0.462722
0.575378
0.601078
-0.358022
-0.112322
-0.854022
1.397178
0.379878
0.853678
-0.324822
-0.411722
1.111378
-0.508522
-0.410922
0.003778
-0.828622
0.220878
-1.800722
-1.965622
-0.910222
-0.388822
0.095678
-0.587122
-0.895622
-0.826522
2.705478
1.167978
-0.548222
-2.833422
0.112978
-0.705022
1.310278
-0.547422
0.590778
-0.685022
2.273378
-0.795222
0.293478
-0.147022
-0.724122
-0.714022
0.928678
-0.636122
-0.225522
0.604778
0.126978
-0.102222
-0.056522
1.625478
0.004378
0.440678
0.648278
0
-0.635422
-0.759122
0.396578
1.176078
0.033878
-0.530022
-0.115022
-0.040522
-0.682722
-0.311422
0.351378
1.131578
-0.382122
-0.115022
0.929978
0.847278
-0.435922
-0.835322
0.761578
1.315678
-0.083322
-0.083422
-0.083422
-0.520722
-0.494022
0.430978
1.073978
-0.083122
-0.532922
0.981178
0.061578
-1.482722
1.336978
-0.776622
-1.306822
0.092678
-2.030122
-0.461922
-3.456322
-0.308022
2.391278
-1.191022
0.687478
-0.272522
-1.771522
-0.529522
-0.769322
-0.552122
-3.405322
0.901078
-1.144022
-0.808122
-0.680522
3.614378
-1.637722
-2.011922
2.554778
1.289378
-3.308222
-0.397022
3.260878
-1.986422
3.087878
-0.059122
-0.802722
1.846978
0
0.133378
0.788078
0.036878
-1.895622
-1.366822
-1.696422
-1.625422
-1.076622
-2.028722
-0.394622
-0.816622
-0.081322
1.562678
1.677478
0.639778
-0.061622
0.261578
0.803778
-0.279922
0.006278
-2.220822
0.800278
0.879378
-1.333822
2.069478
0.561978
1.111278
0.684878
0.153778
-0.946422
-1.104422
3.776278
1.248678
0
-0.026522
-1.190622
0.763978
-0.843322
-2.497322
-0.275522
-0.541922
-0.060722
1.559178
-1.112222
-1.440422
-0.685322
1.025178
-0.951822
-0.061522
-0.740522
2.246578
-1.348422
0.175778
3.034578
0.235678
0.415178
-1.266322
0.319678
0.483178
0.235078
-0.337422
0.005778
-0.027022
-0.059822
-0.322222
1.256278
-0.026822
-0.156822
-0.498822
0.970578
-0.075422
0.556578
-0.767922
0.314078
1.203178
-0.570222
1.709878
1.064278
-0.151422
0.819478
0.253478
0.221778
0.514878
0.389178
-0.179122
1.661378
-1.760822
1.356078
0.458978
0.019578
-0.221622
0.487878
-1.303222
0.826878
0.397078
0.681178
1.318778
0.180978
2.063778
0.882978
0.446478
0.430178
0.697278
0.973478
-1.180022
-0.729022
-2.195622
0.090878
1.873178
0.316478
-0.506822
-1.734522
1.294078
-0.940822
0.307178
0.147778
2.533978
0.199678
-0.416322
0.157978
0.199678
0.535178
0.198178
0.239378
0.238778
-0.259422
-0.467822
0.504378
-0.079822
0.058678
0.681678
0.099378
0.538878
-0.270222
0.550978
-0.078722
-0.024222
-0.337822
1.945078
0.458878
-0.277622
0.631978
0.534778
-0.619122
0.734778
1.165178
0.159178
1.462478
1.107078
-0.607722
-0.636922
1.571378
-0.504422
0.103878
1.234978
0.265578
-1.124822
2.128878
3.992878
-0.606522
0.025378
-0.202422
0.769878
-1.142522
-0.528822
0.776778
-0.467322
2.512878
-2.295422
0.857178
0.216378
0.728578
1.101778
1.897178
-1.274022
-0.743422
0.211978
-0.864122
0.319578
0.859178
-0.872922
-0.433722
-0.152222
-0.270622
-3.565922
0.898678
0.305978
-1.212322
-2.566222
2.321978
-0.392622
2.450678
-0.348622
0.037778
0.146778
1.065178
-0.190022
-0.274222
1.478878
-0.436722
0.643178
0.213778
0.637378
-0.291622
0.670278
0.210878
-0.929722
-2.335622
-0.034622
0.326078
1.008078
-1.422422
0.831778
2.196978
0.818378
-0.172722
1.381178
0.401178
-0.511922
0.722178
-1.158622
-1.562922
-0.956622
-2.592822
0.074078
0.581978
0.181778
-2.674422
-0.096922
-0.232722
-0.789622
0.201278
1.643378
0.711178
-0.933722
-1.113922
0.757978
0.813578
0.513978
0.280678
1.005978
-1.735822
-0.863922
-0.195022
-1.106922
-0.371822
0.939378
0.509478
-1.735222
-0.700022
1.440878
-2.150422
0.701278
-0.263122
0.862578
1.068278
-0.941522
-1.739522
-2.126922
1.474178
2.183978
0.767978
1.397478
0.763478
-0.510522
-0.047422
0.957878
0.062278
-0.641522
-0.022822
0.709878
-0.301622
0.913478
-0.432322
1.175078
-0.405222
2.054178
0.224578
-0.773322
-0.247122
-1.267022
-2.231222
-2.060722
-0.248722
-2.221722
-0.164822
-5.002922
1.316578
-6.198822
2.055178
-5.049722
5.207678
0.576178
3.169978
-1.074022
0.887378
-4.352622
-1.617622
0.533778
4.948078
-0.173522
-2.417522
1.201578
2.026778
-0.293922
0.138178
-0.726622
-1.847622
-1.382922
3.503078
-1.137622
-2.496222
1.158178
-0.275122
1.371078
1.875378
0.718978
-1.150822
0.409978
-2.767022
-3.803822
0.090478
3.466478
1.648578
-1.162722
2.500778
-1.702522
-2.048322
2.350578
1.527178
-0.091722
-0.457222
3.687078
-0.023722
1.156278
-1.034422
2.267778
-0.830022
1.822378
-0.593722
0.346378
1.793478
0.039278
-0.921222
2.041278
0.988478
-0.499122
-4.171122
-2.763822
1.872478
1.915178
-0.441722
1.046478
0.506078
-2.982022
1.682078
1.285478
-0.963922
0.153978
-1.072722
-0.509022
0.040778
-1.281522
-1.154822
-1.917722
-0.922422
2.614578
1.426578
4.551978
-0.818722
0
0.816578
0.449278
0.311078
-1.503022
1.829878
-1.596522
0.588978
-1.364122
0.732078
0.151778
-0.796522
3.095078
1.355278
1.396978
1.092678
0.059778
-1.300522
1.284178
-0.608722
-0.272522
0.222778
-1.960522
-0.426222
1.956578
-0.799822
0.225078
-0.510322
-2.108122
0.773978
0.348678
0.436878
-2.416322
-1.927822
-1.655022
5.352178
1.665978
0.843278
-1.266122
1.497378
5.261778
-1.532522
5.327978
-0.250722
-0.358222
-0.386222
-0.818622
-0.607922
1.081978
3.826178
-1.077522
-0.484022
-0.750622
-0.809322
-0.842622
-1.390822
0.840078
-12.799722
-0.946622
0.713778
0.771078
-0.662222
2.081778
-0.714222
-0.411122
0.082178
1.379978
1.574278
-0.490622
-1.065822
-0.376222
1.273778
0.653678
-0.490522
-0.553122
-1.313622
0.050778
-0.992522
0.392278
-0.226622
0.546178
-0.441222
-0.752022
0.829678
-2.109422
-2.312022
0.053878
-1.881022
-0.109222
0.482778
0.283978
0.250478
-1.019722
0.153778
-0.043422
1.992678
-3.359022
0.122578
0.887578
-1.659122
-2.625422
0.333578
-0.628122
-0.390322
-2.262922
-1.074122
-1.909622
0.062378
0.682778
1.439178
-5.226722
-1.028322
1.626878
1.600478
-2.259922
1.498278
0.695478
3.531778
-3.111122
1.644378
0.061778
-1.746022
-1.960622
3.854278
1.145478
0
-1.117722
2.914578
2.901678
-2.124522
0
-3.563422
2.553478
1.996378
-2.357922
-0.293422
-0.152422
3.823278
-0.865322
-1.493422
3.734578
1.035278
-0.711822
-1.456522
0.705878
0.937878
-1.520722
-2.191222
-0.219622
0.338378
1.276378
-2.757922
-0.187222
-0.187522
2.150978
-2.542722
1.519578
0.129578
-3.055822
0.639178
4.329378
-3.345122
-0.117322
0.238578
-5.017722
-8.048022
1.859278
-6.674622
5.974878
7.371378
-1.776222
-4.599522
-1.453522
4.422078
-1.685122
-8.525522
10.378978
-3.932222
-9.602422
-2.629122
-0.891522
-5.062022
1.713478
-7.952522
13.087778
-2.336222
-0.724922
-7.684522
3.314078
-1.317822
2.587478
1.032078
-6.841122
-0.854522
-5.170222
-0.571522
9.916078
-1.498522
0.770678
0.816278
-1.087022
7.605978
-4.054922
-7.988522
2.824678
-2.184522
-3.479422
-8.545122
3.488478
-4.992822
0.551178
-0.321022
-10.035522
-11.152522
9.257278
8.756278
3.331478
2.652678
6.042478
-9.736922
13.602278
2.942278
-3.209722
1.698778
5.759678
-5.836922
1.226678
-5.288422
0.341278
-0.945722
5.712078
-2.968222
-8.233722
3.372878
-2.616722
2.229578
-1.958322
-0.879622
-1.951722
1.011078
2.391378
5.359778
-2.588222
1.372378
-4.459022
0.175578
-0.878022
-1.073122
-5.632822
-5.566222
-2.420222
1.369178
-7.388822
0.762778
3.442978
-10.767322
3.231278
5.142378
3.358478
-5.788422
-4.649022
-4.215122
-2.162122
-0.978122
-3.651822
2.293478
13.863278
-8.080222
2.743278
-2.188222
-2.065422
-5.517622
0.451878
-7.377122
-6.770022
-5.660922
2.588278
-0.781522
0.988278
-6.494122
-10.703922
-7.773822
-4.575522
-0.459022
5.995378
4.946878
19.692478
-4.294722
12.710178
0.511878
0.405178
3.509078
3.189378
-1.851722
-5.834922
9.318478
-0.202422
0.757878
3.897878
-1.111522
-7.895622
1.802078
0.582878
5.594078
1.851578
2.274578
-4.836322
-0.104522
6.474378
7.050278
-5.121922
2.769578
3.708778
0.967378
-8.404522
3.073078
0.844078
0.667378
1.925378
-0.175822
-0.755022
1.822678
3.508178
0.305578
3.220278
0
4.340478
2.110778
4.072478
-2.350622
-3.604722
-5.639322
0.996378
-1.391022
4.732778
1.696878
0.500278
-3.859522
-1.068022
2.203078
-2.997922
1.528978
2.187978
2.808378
-0.443522
-2.184522
1.841278
-1.537922
0.137078
0.063078
-1.263422
0.437178
0.360878
-2.675322
-2.824322
-4.157722
-2.296322
1.075378
-4.804022
0.683778
0.851478
1.356878
-0.938122
0.074478
-0.350722
0.501278
-2.727122
0.163878
-4.104722
-2.735422
1.389978
-0.747222
6.297378
1.560078
5.143978
1.296578
-6.059022
0.161078
-1.724422
1.384278
2.740878
0.658878
2.399978
1.612778
-2.087322
6.922478
2.201478
2.377478
0.718278
1.219478
2.276678
2.714778
-0.895022
-3.991422
0.990078
-0.222922
-1.287222
-4.033622
1.710978
-0.452122
2.058878
2.885878
-0.081022
0.693578
-1.339322
0.556378
-0.785822
-1.289022
-4.039422
-1.060122
1.883278
3.112078
4.531578
2.541078
-0.481322
-0.889022
4.624678
4.223878
6.239378
-2.010622
-0.971022
1.565178
1.480978
-0.069422
-2.481222
-1.277222
2.371778
-0.308922
-1.746122
-2.751222
-3.830322
3.049278
1.568678
0.486878
0.360678
-0.257222
0.916478
0.356778
2.734978
-0.307522
-4.239322
-1.503122
-1.652022
-0.331522
-1.234022
-0.923222
-1.260622
-0.543622
-3.426522
3.110078
-4.112822
1.462078
-1.047222
-0.918422
1.680678
6.226378
3.381378
-0.452222
0.306278
-0.516022
-0.582022
2.160478
0.114378
0.426378
-2.061622
-1.089322
2.747578
0.613578
0.361578
-1.493922
0.491278
0.925678
-0.629022
-0.446222
1.239378
-0.751322
-2.249422
-0.392322
-0.329922
1.975278
0.177778
-1.264522
-0.391622
0.626678
-1.277222
-0.138922
-0.588622
-0.462822
0.184078
-0.658322
0.641278
-0.593522
-1.443822
2.104378
0.507178
-0.525722
5.167378
2.143178
0.953278
0.049078
0.347178
-0.783022
-1.567522
0.597678
-0.252422
-2.919722
0.551178
1.603278
-0.132822
-0.316422
-0.869522
-0.505622
1.046578
3.681678
-1.019522
-3.847522
-1.569222
-1.213922
0
0.566278
0.499278
-1.405722
3.140478
0.675178
0.546678
-0.441622
0.484078
-1.856822
1.055178
-1.251322
0.868778
-1.006922
0
0.806978
0.488478
1.479178
-0.499922
1.341578
0.110678
-0.192322
3.387478
1.456478
4.500678
-0.176622
0.820878
-0.670322
0
1.428178
0.644078
-0.823622
0.207978
0.316578
-0.554122
-0.557022
0.703678
1.080478
0.367178
-0.548222
0.313678
-0.226122
1.015278
1.272078
2.100178
0.764578
-2.728522
-0.168722
0.306178
0.147278
-0.431022
0.622578
1.195478
-3.119422
1.326278
2.838978
-3.243022
2.110278
-3.541222
-2.594022
-4.375222
-2.494722
6.861378
-0.232322
2.433778
-2.125622
-2.282122
-0.464122
-1.889922
0.163478
-5.804322
0.973378
-2.507622
-0.385422
0.365578
4.049378
-1.871322
-2.273622
2.304778
0.600978
-4.509122
-1.920222
0.443678
-1.044222
2.339278
-0.775922
-1.103122
2.588478
0.369378
0.367878
0.240778
0.929778
-1.936122
-2.543822
-2.024922
-1.137922
0.592978
-3.477322
-0.425022
-2.091022
-1.710322
0.637778
4.642178
1.425778
0.798578
-0.144422
1.864778
-0.076322
0.318278
-4.600822
0.470478
2.178178
-0.679922
2.482678
3.276678
2.726478
0.237178
-0.814122
0.612478
-0.196422
1.788378
-0.071522
0.477178
0.232078
-0.434322
-0.436122
-0.804322
-3.395222
-1.284522
-0.784822
0.509578
0.765578
0.759578
-2.876822
-1.453222
-0.942122
-2.159722
0
-0.491022
1.437678
-1.302222
-0.286122
3.649578
0.922078
1.573578
0.314278
1.673278
1.326978
0.429378
1.678978
-0.564422
1.103278
-0.683822
0.359078
1.585478
-0.191922
-0.131722
-2.192422
3.211178
-1.391222
0.050278
-0.497222
-0.683022
0.666278
-1.599822
2.535978
2.351578
0.876978
0.399978
-0.945222
1.345478
0.512978
-0.705022
-5.022322
-0.317322
-1.118322
-0.135122
0.300878
-0.259022
0
0.612078
-0.320022
-0.196822
-0.383722
-0.447622
-0.073322
0.742178
2.791378
1.321878
-0.130122
-0.549222
-0.431822
-1.219122
-0.622222
-0.318322
-2.109422
-0.325922
1.444178
1.111578
-1.182022
-1.694922
1.131478
-0.888922
1.065278
-0.887222
2.958378
2.320678
0.588878
-0.487422
1.965378
0.048078
0.517578
3.433578
-0.574922
0.386678
-1.141222
1.590278
-0.404522
0
1.119278
0.883278
-0.121322
0.820878
0.704078
-0.283522
-0.448522
0.539178
-0.065322
1.794678
0.150578
-0.439822
-0.711022
0.423478
0.637678
0.204078
-0.385522
1.172178
-1.179622
-1.462222
0.534978
7.097378
1.509178
-0.310022
-0.310922
1.796578
-0.405122
-0.307622
3.266478
-0.443322
0.182478
-0.926322
1.497178
1.953878
0.130378
-0.198322
0.271478
0.786378
-0.196622
-0.103822
0.362478
-0.382322
-2.902422
-2.172022
1.020278
1.155578
0.469678
-3.213322
0.335078
2.105478
-1.841922
0.038478
1.216078
0
-2.579722
1.282878
-2.171722
-1.566822
-3.376222
1.414178
0.145478
2.430978
-1.176922
0.194578
1.269478
-0.162322
0
0.546378
1.248178
-0.309022
1.435778
0.923478
-0.984822
1.071478
-0.983822
-0.796822
-0.060122
-0.853022
-0.360422
0.290278
0.189378
-0.310022
1.440878
0.630678
-2.216522
-0.311422
1.045178
2.725678
-0.252722
-0.738822
0.136078
0.770678
-1.803222
-1.836022
0.542178
0.289278
1.135378
-1.045122
0.238278
-1.251922
-0.664222
-0.870922
0.857178
1.001478
-1.714022
-1.182922
-1.506222
0.617678
1.029978
0.092378
1.018178
-2.607322
-0.219722
-1.425022
-1.923522
0.097678
0.151678
0.367578
-1.410022
0.371478
1.131278
-1.139622
0.261278
0.260478
-0.064722
1.775078
-1.339722
-0.980422
-2.241322
1.714478
0.864678
0.640178
1.605778
1.792178
-0.843922
0.041878
1.301678
-1.616822
-1.906322
-1.352522
0.696678
0.097378
-0.658222
-0.662422
1.574978
1.119578
1.958478
-0.636922
-0.430822
-2.120322
-2.435222
0
-1.115022
0.324378
-4.239922
1.500078
-5.734722
0.232278
-6.552122
3.424278
-5.461722
3.899278
1.264878
3.200978
-1.474922
0.484778
-5.494322
-1.640322
0.121878
2.835178
1.147678
-1.728222
0.571878
3.206878
0.488178
1.168078
-0.685022
-2.726622
-3.246622
3.595978
-1.339722
-3.217822
-0.540822
2.654278
2.455278
1.825978
1.544078
-0.929222
-0.875922
-4.125322
-2.221322
1.119678
2.356278
1.209678
-1.977622
2.643078
-4.045922
-3.492922
1.146578
2.748478
1.692078
-0.203822
4.118378
0
1.600278
-1.108222
2.332178
-2.239522
2.946878
-1.147622
0.655278
-1.934822
0.847778
-1.408822
0.790878
6.227878
-0.701422
-3.141022
-4.139922
1.425078
2.573978
-1.690322
0
0.538478
-3.833422
1.314278
1.483778
-1.237622
0.610478
-1.553822
-1.954222
0.053278
-2.630422
-1.651022
-1.745122
-0.214322
0.669678
0.800178
6.624778
0
1.120778
1.480978
2.377578
0.108978
-2.579322
3.238878
-2.267122
-0.253622
1.146478
1.073078
1.299678
-0.892422
2.480478
2.362078
2.024378
0.986578
-1.217422
-1.010022
1.335378
-0.896022
-1.813222
1.387978
-0.053722
1.757378
0.836878
1.123878
3.645378
-1.172922
-1.105522
0.030378
-0.461422
-0.092922
-1.370322
0.699478
-0.508322
4.824678
-0.050422
-0.766422
-2.535722
-0.134022
5.300178
-4.349922
1.215378
3.501678
0.418378
-3.777622
-2.431922
-0.424222
0.030878
3.683878
-0.090722
-2.935322
0.649678
-1.855622
0.072878
-1.805322
2.156778
-2.756022
-0.310022
-0.868622
3.104878
0.241178
2.584578
1.539778
0.109878
2.076078
2.308578
-1.662522
-0.987222
0.620578
0.498978
4.006578
0.289378
-1.767622
0.179678
-2.099522
-0.320922
-0.827722
1.362478
0.182878
-0.551322
2.901978
0.027078
-0.538722
-1.982522
-1.867522
0.817078
-1.887122
1.941578
-0.206022
2.612678
1.935178
-1.395322
-0.048622
1.583878
2.904178
-3.641722
-0.425122
-0.275522
-2.704122
1.197978
1.568778
-0.389822
-1.152622
-2.667522
0.938778
-3.458922
-0.375922
-0.295722
0.888078
-3.573422
-0.892222
-1.493022
-0.483522
-1.349722
1.215278
-2.389522
1.362878
-5.692422
2.538078
-1.411422
-2.393722
-1.231322
0.274578
1.979878
0.639978
0.820378
0.264078
1.222278
-1.859922
3.068378
-2.016822
1.991178
-1.125722
-0.822522
0
0
2.990778
5.640578
-1.473222
2.830778
1.515178
-0.498022
-0.786122
1.470278
0.962178
-1.696722
-1.031422
-0.051922
0
1.970378
-2.034122
-0.423722
1.067778
1.179378
-2.484222
-1.258022
-1.863222
-4.429322
-0.100422
4.975878
-1.722222
0.076478
0.250378
1.768078
-4.614222
1.866078
-4.396622
4.576578
6.524478
-4.868622
-1.654922
0.297378
2.971878
1.437378
-8.532922
3.523078
-2.714522
-3.427522
0.225178
-3.728222
-7.928522
-2.664522
-6.281022
0.222078
11.829178
-3.798922
-10.636322
7.110678
0.890778
5.851978
-5.812322
-2.530222
-0.987122
-5.405022
-1.359522
13.786778
-2.413722
-0.458322
-0.123022
-3.218322
6.559178
-5.138822
-2.598322
3.767378
-0.067522
-2.230322
-3.677722
4.279378
-3.718622
-2.477522
1.469978
-8.338922
-4.055722
4.826978
8.097478
-5.986222
6.279878
0.904578
-9.563222
2.395778
4.493278
-4.257922
3.968478
8.207678
-0.532322
0.980078
-2.434122
0.462478
-0.893522
3.433578
-3.340122
-1.079522
-0.130622
-1.633222
-0.804722
0.666678
-0.499922
-1.608622
1.363478
0.420678
4.038478
0.873778
3.963678
-2.652522
1.259578
-4.799722
-1.807022
0.294278
-4.326722
0.434078
0.052678
-5.130722
4.586278
-2.112522
3.372578
2.569578
2.627378
0.885978
-5.638622
-6.037022
2.260578
2.014178
1.397878
3.209078
4.209578
-1.125622
-4.758422
0.737078
0.174878
-0.627922
-5.041722
0.512578
-2.157622
0.255378
-4.785122
4.376578
-1.478222
-1.906322
0.541478
-1.726522
0.478178
5.965778
-4.600822
-2.553622
-3.959822
7.478378
2.584978
3.251678
0
-0.397422
4.455378
2.219878
-1.647022
-1.982322
6.714678
-1.777422
-0.670122
4.455278
-2.090322
-3.786422
2.809778
4.103878
3.883978
0.099678
-3.479822
-3.889722
1.651078
4.017378
0.382178
0.212978
-2.074222
2.950678
-0.508422
-3.790522
2.184678
-1.423822
1.021478
4.529678
-0.282022
1.622478
3.095978
0.352978
1.335178
-0.419222
0.656078
-0.112522
-3.376222
-1.171522
-0.651322
0.580478
-3.589722
0.210978
-0.950322
4.453678
0.844078
-1.493722
-2.698822
-1.115622
3.285478
-1.470822
1.581078
-0.064622
5.394778
0.553478
-1.285522
1.590578
1.006178
0
1.046278
-0.658022
0.741278
-0.955922
-2.773022
-1.456922
0.618278
-1.104422
-0.379222
-2.706222
0.858478
0.204778
2.246278
-0.641222
0.412478
-1.801022
0.793678
-1.606322
0.151578
-1.575622
-0.613722
0.209978
0.924978
1.243478
0.850978
5.755578
1.554278
1.927778
3.109778
2.069778
-0.659022
2.087278
-0.101922
-0.193422
0.401478
-0.968222
1.186478
0.125878
2.533678
-0.586622
-1.213822
0.620878
-0.548522
-2.489222
-2.182522
1.217578
0.362678
-0.940422
-2.732322
1.340078
1.084078
3.049678
1.359878
-0.596422
-0.282622
-0.328822
-0.238622
0.537778
-1.828822
-2.001322
1.784378
-0.289022
1.618078
0.355678
1.403578
3.498178
0.337078
-1.309922
0.823078
1.642978
0.117778
0.032178
0.972278
-0.941622
-2.616322
-0.668522
-0.143122
4.366078
-1.323622
1.019378
-1.922222
-1.829622
1.180378
1.776678
1.102878
0.243478
1.510278
-1.051022
0.451978
2.040478
-0.051622
-1.446822
0.946878
-0.587922
-0.632722
0.907578
-0.052022
-1.955222
-0.685722
-2.219622
2.161378
-3.029322
0.822378
-0.401922
1.648078
2.737378
-0.470322
0.703078
-1.427922
1.130978
-2.184522
1.314178
0.664178
0.911078
-0.384222
-1.343922
-0.939722
1.864878
-0.680122
0
-1.527022
0.074878
2.211578
-0.219622
-0.178222
1.374178
0.196378
-1.662822
0.199378
0.324678
-0.720722
0.283878
-1.520722
-0.138422
-1.162022
0.636478
1.318178
0.454678
0.115678
0.746278
0.490178
0.072478
0.321378
-1.003222
3.122178
-0.456122
-0.661522
0.439878
0.519378
-0.294522
-1.596622
1.807578
1.247478
-2.215022
1.833678
-1.781222
-1.772222
-4.222422
0.076478
-0.402122
1.081078
-2.732022
-0.232622
1.146478
1.265178
0.206578
0.379478
2.320978
-0.854522
1.648978
-0.554822
0.704878
-0.721022
0.999478
0.281078
0.861878
0.318878
-0.256922
-1.039422
1.195178
-0.051722
0
1.099078
0.030078
0.923978
0.432178
1.031478
3.638678
0
-1.005622
0.375878
-0.357222
0.762178
0.257778
0.410078
0.293978
-0.731922
0.486478
1.359278
-0.723822
-0.086222
0.140678
0.140478
0.517478
-2.337122
-0.778922
1.305678
0.180478
0.447078
-0.238422
1.207078
-0.273822
-0.349822
1.653478
1.217078
-0.855922
0.322978
0.395778
0.210178
0.283078
0.538378
0.353378
-2.041822
0.100478
1.801478
-2.190022
2.254478
-3.569122
-0.048322
-4.003122
-3.070622
5.736078
-0.661222
2.993978
-4.535722
-2.321622
-0.291322
-2.061322
-0.421122
-3.926522
0.632878
-0.394222
-0.267322
-1.812422
3.396978
-2.165222
-0.701422
1.511078
1.573978
-3.214622
-0.881722
0.868078
-0.794622
-0.054522
0.604178
-0.665322
2.493778
-0.182122
-0.525822
1.370478
-0.649222
-1.595922
-0.489522
-1.279222
-1.738622
1.071478
-3.578822
-1.444522
-0.245222
-0.622122
0.983178
5.331478
0.300778
0.654578
0.694178
0.995478
2.804478
0.747578
-4.901922
-0.098522
1.397178
-2.136422
3.136578
0.333178
1.102878
-1.323622
0.375678
-0.780222
-0.613822
3.153678
0.073378
1.332778
0.113678
-0.424322
2.897578
-1.867722
-2.396422
-9.998022
0
2.564278
0.628378
1.622078
-0.858422
0.034378
-2.484722
-2.547522
0.367978
-2.415122
0.520778
-2.365222
-1.634622
1.340078
1.272678
2.523478
-2.196922
0.280878
-0.155922
0.037878
3.093178
0.883078
0.642078
1.564178
-0.329822
-0.513822
-0.516322
0.127978
-0.656722
2.590378
0.079878
-1.141322
0.035078
0.126578
0.035078
-0.695222
1.046378
1.399078
0.392978
0.391378
-0.055122
0.656978
2.465078
-0.485122
1.246378
-0.267422
-1.426922
1.861378
-0.608922
0.935178
0.543078
-0.900122
-0.480722
-0.440022
-1.433622
0.251878
1.080178
2.319978
2.098178
0.195878
0.525278
-0.174622
0.564278
-16.221322
-1.813722
-1.003222
-2.567022
-0.164922
1.019778
0
-0.265622
-1.851122
1.343578
0.143578
-0.267122
-1.450922
0.824478
-0.528222
-0.791022
1.877178
-0.216522
-0.216922
1.798178
0
-0.619722
-0.214922
-0.368822
1.427478
-1.023322
0.347478
-0.469322
0.142978
0.653978
2.376378
0.931878
-0.502022
-0.109422
0
1.274578
0.135778
1.207678
0.855978
0.084878
-0.869022
0.422278
1.138778
-0.200022
0.606078
0.036478
-1.895622
-0.250822
-0.203222
2.111878
1.737178
-0.567722
0.082778
-2.389322
1.040478
1.502378
0.687978
1.330778
0.628378
-0.101322
-0.192222
0.216778
-14.166722
-1.173422
0.577578
-0.754922
-0.492722
0.527578
0.899478
-1.389922
-1.032722
-0.228022
1.514478
-0.439822
0
-0.333922
0.151578
-0.712222
-1.097622
0.099278
-0.559422
-1.114422
0.156778
-0.567722
-2.587622
-1.965722
-0.303922
0.812878
1.447978
0.334378
0.734378
-1.262022
-0.471422
-0.531422
1.443678
-0.641322
-1.049322
-0.652022
0.106778
0.927278
4.925478
-0.896022
-1.462322
-1.030422
-0.182322
-1.100022
-0.474422
-0.826022
-1.772222
-0.727922
1.915978
0.048478
0.933878
2.445478
-1.894222
0.571078
1.319578
0.331878
-0.977622
0.333978
0.046578
0.447078
0.217178
1.068878
-0.066822
-4.791322
-0.305922
-1.669422
0.230378
0.049478
0.049478
-0.790922
-1.099522
-0.499922
-0.502322
0.359978
1.281678
2.054978
-2.510622
-0.804322
-1.487522
-0.135522
-3.012522
-1.364622
0.054778
-1.251622
-0.407422
0.122178
-1.602122
1.404478
-0.542222
1.124978
2.433278
-0.977722
0.705478
-3.501222
0.793178
0.520978
1.377378
1.749478
1.590878
-1.208622
-0.712622
2.174478
-1.016922
-1.980122
1.091078
-0.202922
-0.909822
1.026278
-0.972822
1.414278
1.011078
3.339578
0.662178
-1.104222
0.050778
-3.693822
2.028878
-0.260422
-0.887222
-2.347922
0.183378
-4.336022
0.799078
-6.704022
0.850178
-2.357722
15.939878
0.429078
0.239578
-0.197722
-0.948122
-5.310322
0.455778
-0.474822
2.854178
0.118878
-2.468622
1.580878
2.730878
-0.709522
0.245278
0.946578
-2.602322
-0.854222
3.916078
2.571278
-2.895822
1.696078
1.605278
-0.132922
2.071478
-0.310522
-0.672522
0.110478
-4.184822
-3.230322
1.815878
2.423678
0.489678
-1.441822
0.052478
-2.218822
-2.010622
2.556878
3.712078
3.640378
-0.547922
2.570378
-0.595722
1.519678
0.974878
0.735678
-2.175822
1.969578
-2.009522
0.164178
1.094678
0.909978
0.445478
-0.067422
4.702578
0.640178
-0.172222
-5.083522
1.467478
1.838078
-0.835722
-0.121522
1.655078
-3.833622
5.667978
2.192478
-0.431222
0.939778
-1.684222
-1.712722
-0.335322
-2.290722
-0.455022
-2.856622
0.506278
2.903678
-1.842922
5.419278
-0.332522
-0.172122
1.283178
-0.329922
1.377478
-2.222322
1.658778
-1.864422
-0.334422
-2.663622
0.323078
-0.564922
-1.404122
4.059478
-2.672222
1.161278
1.864678
0.584978
-2.271122
0.484978
-0.942122
0.237978
1.080678
-0.403122
-2.375122
0.594778
3.750678
0.376078
-1.358722
-2.548422
0.189678
-0.060622
0.989378
-1.644322
0.995878
0.238478
5.357178
-0.388022
0.746978
-2.924122
0.909078
4.305878
-3.045122
3.118778
1.736478
0.621978
-1.851622
-3.533022
-1.433122
1.865278
3.719278
-0.556822
0.355478
-0.284222
-0.559322
-3.091122
1.602278
3.070578
-3.814922
-2.600122
1.052678
5.823878
-0.101022
1.979378
-0.409722
-2.103222
2.581478
0.565578
-0.583522
0.654278
-0.406922
-1.602122
4.616478
1.234578
-1.410122
1.408778
-1.749422
0.982078
-0.138822
1.144678
0.496978
0.326078
4.729278
0.109478
-0.490622
-3.185822
-1.795622
0.919178
-1.978822
0.800978
-0.561422
-1.416722
0.162278
0.075678
-1.131322
2.343378
1.650378
-4.074322
-0.622022
-0.362122
-3.846622
1.089778
2.755778
0.871978
-1.235422
-1.339222
2.547678
-2.111322
-0.055322
0.212978
1.060378
-4.690522
-0.473822
-0.057122
0.408378
-2.977722
-1.300622
0.231378
1.003378
-5.316522
4.078178
0.086378
-0.834222
1.161778
0.955078
5.154378
0.444178
0
0
0.940078
-2.835722
1.558378
-1.555422
2.573578
0
-0.190522
0.710378
0.749978
2.209578
-0.966322
3.805178
2.355278
0.608478
0.563578
-1.641922
0.984378
-0.421122
-1.041122
-1.759922
-0.858422
-1.464222
1.898278
-2.224322
0.772978
1.112478
0.758278
-3.062722
-1.278622
-4.616422
-4.746022
0.427978
1.736078
-3.062622
-0.846822
0.138178
-0.159222
-3.978922
0.609178
-4.784722
3.816878
-0.166422
-3.806822
0.692078
0.365078
-0.705822
3.381978
-10.062722
8.443378
-1.131822
-7.138022
0.628878
-2.205922
-5.385722
1.425078
-4.010622
-2.638822
11.839278
-6.249622
-5.911422
5.926678
-2.403522
3.473278
-4.935822
-4.404022
-0.490722
-1.595722
-0.220722
11.287578
-5.811422
8.222278
-0.876422
-2.443522
3.953578
-7.390722
-7.912322
5.468878
-1.924522
-2.937422
-2.953922
6.720178
-7.702922
-2.413022
0.835578
-4.739822
-2.092322
7.184778
3.421878
-3.181722
6.386978
-1.227522
-8.996122
5.721878
2.850778
-6.526022
4.061378
4.880278
2.571878
-0.220422
-1.832622
5.271278
-1.095322
7.186078
-2.440322
-6.563722
1.251678
-0.703122
-1.893422
1.126578
-0.362022
-0.363222
3.952578
-0.214822
3.672878
-1.918522
3.074578
-6.061322
0.751178
-2.759722
-2.554822
-0.880822
-4.326622
1.594878
3.375378
-6.415322
3.099778
-3.328922
2.329478
1.971078
3.203178
1.437578
-4.578822
-3.525922
5.648278
0.723078
1.081878
2.655078
3.357778
1.211378
-5.577322
0
-0.578822
-0.867722
-4.837722
1.124878
-5.100422
0.777978
-5.487922
5.370178
2.345978
-2.466522
0.225378
-3.385822
-0.254322
3.898178
-3.537222
0.801678
1.117478
10.905678
0.276778
4.000878
1.229078
-3.071822
4.550778
2.271278
-0.601222
-3.310922
5.927978
-3.361122
-0.410622
5.879578
-2.539022
-4.550222
2.095378
0
4.447178
1.581778
-0.574922
-2.595722
-1.175622
4.638978
0
0.177078
-2.446622
1.717978
-1.835622
-3.856822
2.389378
2.007578
-0.904022
0.568878
-2.187322
-1.515822
1.982778
2.790678
0.179478
5.365678
-3.011822
-0.258122
-2.181822
-3.054422
0.512578
-1.051622
-0.536622
2.699178
-2.262922
2.161878
0.826978
-0.457922
-2.578022
-0.867022
2.846478
-0.139822
1.671178
0
4.951178
-1.889422
-1.554822
1.181378
-1.312522
0
3.130078
0.232978
-0.678922
-0.255222
-2.033922
-0.761522
1.754778
-1.683522
0.871578
-2.071822
0.818478
1.823678
1.293678
-0.133222
0.541878
1.027278
2.950078
-1.888522
-1.087222
-1.763922
-1.918322
0.491278
0.114178
2.794878
2.051278
7.238378
2.482478
1.556978
0.574778
0
1.259178
1.765778
-0.626622
0.557578
-0.524222
0.144278
-0.371422
-0.424522
0.612778
-0.268722
-2.391622
-0.859022
-1.080122
1.394778
-0.650322
0.901378
1.265278
-1.480422
-1.715422
1.723778
0.149178
-0.489322
0.951478
-0.698822
1.801778
1.717078
0.195278
3.995578
0.335078
-2.963422
-1.278322
-0.267422
1.122278
0.804078
0.645978
-0.863622
-1.275822
-0.779422
0.970778
0.500878
-1.232022
0.762178
-0.112822
-0.061822
1.781478
-1.720922
-0.880622
1.899578
-1.327722
0.451378
-3.434222
0.359778
0.674678
2.764278
0.600678
0.647578
1.448178
1.129678
0.430578
1.648678
-0.778722
-2.381222
1.129078
-1.137522
-1.596322
1.298578
-1.700522
0.242178
-0.464522
-3.607422
0.987778
-0.582922
-0.533922
-2.693422
0.475878
1.603178
0.201178
2.789178
0.194878
1.732978
-0.817122
0.700778
2.057978
0.434278
-0.994922
-4.086122
-0.321522
0.820978
-0.062122
-0.268522
-1.199822
0.460378
2.385178
0.294578
0.749978
2.958678
-0.450522
-1.876122
0.089478
0.689078
-1.251322
0.391378
-0.911522
-2.131822
-1.610222
2.925878
2.332778
-0.259522
0.288778
1.133678
-0.158222
0.481978
0.920778
-0.933422
2.342278
-0.058522
-0.346022
-0.972122
1.105878
0.565478
-1.633522
1.687578
2.470278
-3.176322
1.191278
0.131878
-1.149122
-4.473222
2.048678
-1.585422
1.189378
-1.591622
-2.621022
1.071878
1.519178
-1.165822
-3.364322
2.355278
-0.626922
1.539778
0.192978
1.868478
1.833878
1.408878
-0.300222
0.860578
-0.106622
0.229578
-2.310622
1.509778
-0.348822
-0.495322
1.645478
-0.825222
-0.880222
0.038078
1.255778
-0.106822
0.807878
1.183278
0.272578
0.083478
-0.480722
3.957278
1.034378
-0.190522
-0.956522
1.126278
1.922878
-1.069322
-0.367322
-0.502822
0.394078
0.034178
-0.234422
0.437978
0.882678
-0.851722
0.212578
-0.634222
1.065178
-0.054922
1.009778
3.283178
2.965578
-1.249222
0.323778
0.489378
-1.337322
0.787678
0.197778
-0.925722
-1.983722
-0.396022
0.978178
-2.777722
1.828278
-3.020122
-1.739322
-2.987622
-0.940422
5.808278
-1.207922
3.624878
-2.565822
-2.721722
0.583278
-2.690022
0.782678
-3.760622
0.566578
-1.158422
0.860178
-0.730022
5.110178
-1.573122
-1.131022
2.963878
0.402078
-4.348522
-3.065522
-0.650722
-1.249522
3.100278
0.427378
1.200578
2.813678
0.035978
0.128978
-0.568222
-0.991922
-1.001622
-0.820922
-2.365222
-1.437822
1.636878
-2.810222
-1.728622
-1.038922
-0.270322
1.447678
3.377478
-0.209222
0.685878
1.619778
2.128378
1.655278
0.691578
-2.288622
2.701078
0.267278
-1.812022
2.435278
-0.423822
0.081578
-0.609422
-1.169122
-1.417122
-2.055322
2.659278
-1.334522
-0.681422
-0.300022
-0.107422
0
-4.030022
-1.978322
0.092278
-1.553022
1.660378
0.297578
0.296578
-3.532822
0.042278
-1.121122
-1.561422
0.369578
-1.634022
1.034478
-2.242522
-1.625322
2.649278
0.761178
0.809978
-1.692622
-1.224722
0.548078
-0.177322
3.272578
0.959178
-0.117322
1.324878
-0.854022
0.627378
1.098778
-0.689822
-0.168422
2.307578
-0.937522
1.392678
-1.394522
-0.218522
0.614378
-2.339822
1.473178
0.824878
0.455478
0.607978
0.194278
1.062978
-2.691422
0.405178
0
-0.683522
0.093578
2.227778
0.600378
0.394278
0.140578
0.844978
0.737878
1.376178
-2.062422
2.582878
-1.128722
0.677678
2.381978
1.276978
-0.057722
-0.340322
-0.577722
0.797378
1.498078
-1.078922
-1.090422
0.036878
-0.295222
0.560278
0.509678
-0.763522
1.411878
-0.244422
-0.057522
-0.807622
1.501678
1.013578
-0.056722
0.035478
-0.563622
1.101478
-0.056422
0.447878
-1.881922
-0.150122
-0.895622
0.083378
0.740578
-1.082422
-0.622922
-1.005922
-0.249922
0
0.181278
0.276778
0.371378
0.036978
-0.866522
1.428178
-1.003522
-0.822422
-0.540222
0.134578
1.729378
1.176978
-0.057522
-0.997022
0
-0.342722
-0.296222
-0.631122
2.006678
1.448878
0.917478
0
-1.343922
0
0.082578
0.361778
0.035778
0.499378
0.035478
-0.241122
-0.842422
1.573678
-0.194122
-0.883822
-0.566922
1.387978
1.000878
0.763178
-1.501122
-3.036722
0.651278
2.666678
-1.794722
-0.383222
0.456878
1.385378
-1.066122
-1.634022
-0.387822
0.320678
-1.944622
0.374178
-0.154322
-3.177622
-1.844122
0.443678
0.140178
1.293978
-0.208722
0.684178
0.432978
-0.059722
-0.157922
-0.305622
0.876978
-1.379122
-2.290122
-1.176922
1.118178
1.207078
0.390378
-0.060522
0.488878
-1.799922
0.090578
-1.021722
0.857578
-0.668822
1.212578
7.793978
0.222878
2.226078
2.450678
0.656678
0.740578
1.524478
-1.047322
1.386178
1.151678
0.457478
-1.535422
-2.118122
1.175678
1.639378
1.270878
-1.275922
0.971878
-0.391322
1.390678
-1.434422
-1.370022
-1.561022
-1.104222
0.298978
-0.804322
-1.299522
1.340078
-2.276322
0.398478
-1.640322
0.449578
1.042978
-1.098522
-0.285622
-1.756922
0.036178
1.999678
-1.843822
0
-1.084422
0.650078
1.489578
-1.165322
1.437978
-2.359722
0.649778
0.692278
-0.475922
3.589178
1.659078
-0.410122
1.370878
2.099278
-0.613322
-1.050022
-1.761122
0.122978
-0.944822
0.438378
-0.412922
3.490278
-0.314222
-0.793522
1.392278
-0.442922
-0.575122
-1.626322
0.078178
-0.986222
-0.413622
-2.348722
0.403778
-4.412322
-0.298422
-3.281422
2.425978
-3.263022
4.153978
-0.540522
1.151578
-0.489322
-0.587822
-4.364722
-2.944322
0.979478
1.692178
0.445978
-1.929822
1.791678
2.670178
-0.306222
-0.554122
-0.706122
-1.761522
-0.519822
2.752978
-0.907022
-1.015622
2.933578
2.356278
1.723478
1.977978
1.985678
-0.192722
1.220578
-1.181822
-1.469122
2.487078
0.350378
1.338278
-1.031022
-0.458822
-3.927822
-3.384522
2.899178
2.958278
0.813178
1.169578
2.636278
0.470178
0.554878
1.157178
0.459678
-0.946822
0.504878
3.579078
-2.609622
1.768278
2.319778
0.152078
0.273578
1.730278
-0.607522
-1.772022
-2.618622
-0.219822
1.456878
-1.911422
2.263978
1.925078
-3.687422
0.912178
3.272878
-0.895922
2.872078
-1.589122
-2.416422
-0.216022
-2.974822
-1.410722
-2.334222
0.121578
3.200978
0.500878
5.629778
0.029478
-1.134222
1.490978
1.348878
1.212278
-3.712922
1.203478
-4.049022
-1.843922
-1.071722
0
-0.353822
-0.570222
3.192878
-0.681722
1.425178
1.571378
0.645078
-1.354222
1.310078
-1.232622
-0.377322
2.144978
-2.789822
0.042278
0.359778
1.254578
-0.114722
1.135778
-3.153322
0.787278
-2.701922
1.941678
2.276578
-1.206622
1.463078
1.182278
0.860678
0.802378
-1.623522
-1.240122
3.827578
-2.308322
2.647878
3.425678
1.481878
-0.674722
-7.221722
-0.319422
0.970278
4.334978
0.381378
0.916678
-1.606322
-0.600322
-1.543022
1.495378
1.126878
-2.993522
0.090178
1.600678
2.913078
2.059678
2.819578
-0.194122
0.081278
0.586278
0.445778
-1.918822
-0.381122
1.151678
-4.192622
4.641678
-1.431322
0.175378
-0.242622
-2.382722
0.513478
-0.484522
2.417978
0.733178
0.496978
0.402578
-0.879422
3.448778
-1.214322
-0.687522
1.352378
-1.489822
3.083078
0.563078
0
0.208778
-0.711122
1.003478
0
1.167878
-3.116722
0.390078
-0.232322
-1.921722
-0.962122
3.511778
1.359278
-1.797922
-0.410122
1.147978
-2.653822
-0.101122
0.668678
1.428878
-5.021722
-0.617522
-1.372722
1.465578
-2.310022
-0.442922
1.725978
2.312778
-2.188522
0.842078
-1.560622
-2.443822
-0.988622
0.927678
2.044178
1.523378
-0.435522
2.360178
-0.427522
-2.568722
0
-1.108522
3.415978
-0.570622
1.021778
-0.149922
-1.173422
4.506978
2.915978
-0.491822
3.373978
-1.881322
-0.790522
0.469678
0.771678
-0.571222
-1.268222
-0.932922
0.432678
-1.599322
1.783078
-2.169222
-0.280722
0.847178
1.332278
-3.146622
-1.743422
-1.681122
-5.956822
0.691878
-4.046522
-0.477922
-0.062822
0.980978
1.333078
-3.070322
-0.273622
-4.546522
3.580578
7.029378
-1.605022
-0.314422
1.309878
2.595878
0.722178
-8.982522
8.193978
-2.226322
-1.873622
-0.061922
-6.068122
-8.316622
0.585278
-3.979822
2.888778
13.058878
-6.214222
-9.846722
6.509778
0.165978
6.687378
-2.598722
-2.950122
-1.291922
-4.435422
-2.664922
11.720478
-1.883522
5.946578
-0.174422
0.208078
3.099078
-5.724922
-5.453922
4.024978
0.160478
-1.548222
-4.753222
7.578978
-4.638122
-2.910022
3.706578
-6.003522
-3.760622
6.352978
1.576678
-3.976922
0.990678
-0.320422
-3.863922
2.057878
2.142678
-4.288322
5.688878
4.401178
-0.597522
2.645778
-5.358522
2.297978
-2.326522
4.974178
-3.079522
-0.787222
7.033278
-1.472922
-1.266322
0.104978
0.624478
-1.215422
3.531778
-0.571522
3.824678
-1.748822
1.647778
-4.034522
-0.180622
-1.486222
-1.796322
0.517278
-4.561422
1.028478
2.288278
-4.800722
4.896178
-1.431622
0.770178
1.062078
1.876178
3.230078
-1.411922
-4.331222
0.405278
0.876978
0.927778
2.371678
1.975778
0.434578
-2.614522
1.240778
-1.415122
0.958078
-4.299522
1.640278
-2.388822
-1.614922
-4.237722
3.646378
-1.227122
-2.843122
-1.531522
-2.198522
-1.260622
-0.343722
-2.884922
-0.423522
-4.295322
8.942478
1.646078
1.879878
-0.458522
-4.252222
3.345078
2.781578
9.717778
-1.565022
6.714478
-1.873622
0.994378
3.250878
-3.597322
-1.954022
2.310978
2.811778
1.281078
2.486678
-0.943722
-2.993322
0.151178
2.897278
-0.272222
-1.007522
-1.494422
3.163078
-0.636322
-1.269822
3.761978
-0.932322
1.694778
0.548278
-0.111722
-0.162322
-0.719822
-1.337122
0
-1.923722
0.200278
0.252378
-3.368422
-0.553522
1.299378
-0.980422
-1.697222
2.147678
-0.227322
2.703778
0.253678
-0.168722
-1.964122
0.420178
2.241378
-0.430122
1.147878
1.967478
1.673878
2.147978
-0.059722
1.316778
0.474578
0.761978
0.564378
-1.201622
0.953678
-0.440422
-3.032222
-2.631822
1.259078
1.544078
2.014078
-3.350422
-0.511422
6.984878
1.729778
-1.813722
1.213478
-0.382722
1.483278
-3.230522
-1.769222
-2.381222
1.921978
-1.226022
0.825978
1.111878
-0.445022
4.254978
0.593778
0.451478
-1.068622
1.941978
-0.831422
2.058378
0.574978
-1.578022
1.172278
-1.044822
0.579978
-0.055822
0.757578
-1.849222
-2.066322
-1.083422
1.026578
-0.850522
0.130578
2.808878
0.492078
-0.147022
-2.560722
0.830478
0.916178
0.723978
0.764178
0.939178
-0.413822
-0.145622
-0.190822
0
-1.274122
0.263578
-0.785422
-0.975222
1.891078
-0.420222
2.914378
1.055078
0.428778
-0.623022
-0.274722
-2.349522
-2.767022
0.454078
-0.241922
-0.752422
-1.318422
0.178678
-1.474922
1.475478
-0.246822
-1.336422
-2.313922
-0.108822
0.235178
0.725078
0.135478
1.107478
-0.299122
-0.107022
0.906378
1.328478
0.602878
2.287678
2.786278
-1.036522
-0.731622
0.715678
-0.641522
-0.282722
-0.556322
-2.616922
0.693578
-1.642322
-0.058022
-0.958922
0.037278
1.998978
0.458378
1.903478
-0.148022
0.448078
0.628678
1.350578
2.182778
-0.142022
0
-1.808822
-0.233922
1.153178
-2.046022
2.067078
-2.267222
-0.055922
1.619778
0.969778
-0.098922
0.828578
-1.543722
-2.546222
0.171978
2.905078
0.830478
2.315978
-0.654122
-0.183322
-1.048722
6.370478
0.359178
0.112178
1.093178
0.878978
0.069578
0.149578
-0.330522
-1.615122
1.293878
-0.131322
-1.461022
-0.337722
1.219878
0.029878
-0.537122
0.966578
2.166778
-0.405222
0.345978
-1.076522
-0.928422
-2.749222
-0.507522
-0.634822
-0.094422
-1.645122
-1.757522
0.683178
2.314978
-0.052722
-2.705322
1.893278
-1.836522
1.676278
-1.712022
1.027878
0.246378
1.698078
1.543378
1.395478
-0.826322
2.004178
-1.340722
1.173978
0.393078
-0.895222
0.354478
-0.657322
-0.336122
1.050578
0.756778
-1.012622
0.718078
-0.050822
1.074978
-0.368622
0.907578
-0.287522
1.020678
-0.364022
-0.759222
1.458178
1.671678
-0.895622
1.076378
-1.354722
-0.477722
-0.127922
0.654978
-0.983022
0.460678
0.966678
0.299078
-0.319422
1.150778
0.257278
0.561878
0.103278
-0.692922
-0.964822
0.914278
-0.163322
0.524778
-0.200822
0.903978
-0.048422
-1.861822
-0.472522
0.414778
-0.395722
0.530578
-4.009122
-0.130722
-4.140522
-2.101822
4.175578
-0.830622
1.684278
-1.474022
-1.908322
-0.178822
-1.316422
-1.034922
-3.632922
-0.860722
0.530878
-0.369722
-1.316922
3.047378
-0.054922
-1.649922
1.971378
0.872778
-3.119222
-1.953722
0.265878
-1.021622
3.053478
2.196578
0
2.237078
-0.096822
-0.485122
0.552878
-0.484722
-0.876822
-0.928022
-2.038822
1.969578
-0.937322
-3.128622
-1.343922
0.408778
1.288678
2.233978
3.439178
0.552378
0.635378
0.032178
1.400878
0.959478
-0.470122
-2.360622
1.364578
1.388278
-1.515622
3.172778
0.770978
0.560778
-0.294722
-1.190922
-2.399422
-0.263822
2.738978
-0.340022
1.145878
-0.827322
0.359878
-0.502822
0.113078
-2.604322
-3.053722
-1.231222
0.254178
1.441878
0.162878
-0.400422
0.076378
-0.792522
-1.893322
0.033978
-0.768922
1.157878
-2.187422
-0.828022
3.560778
-0.629522
1.946678
5.835778
-0.505222
0.776478
2.948678
0.228878
1.064678
1.407778
-1.486922
8.348978
0.025778
-2.447822
1.406278
-0.304722
-0.600622
-0.047722
0.879878
-0.084222
-1.188422
1.441878
-1.258822
1.476378
1.014978
0.388178
1.108878
-0.546322
0.348478
2.314978
-0.954722
2.001378
1.131278
-0.352722
-1.692722
0.617878
0.579278
-0.528022
-0.738822
0.233878
2.289078
0.057478
-0.861522
1.362578
-1.128122
0.914078
-0.757122
-0.728522
-1.043722
-0.184622
-0.428922
-0.885622
0.271878
-2.897922
1.185878
1.422578
-0.575822
-0.365822
-3.076622
2.012178
-0.911822
-0.992822
-0.635122
2.207478
1.616878
2.516078
-0.288322
1.103178
0.608978
0.091978
2.313378
1.592578
0.285278
-0.076222
-0.732122
3.920678
0.656878
0.273578
-0.325522
-0.389622
0.369878
-0.294922
-0.232322
-0.677322
0.021378
1.011778
-0.453422
-1.408322
0.408178
-0.459722
0.021578
-0.171722
-0.171922
0.765078
0.213878
0.885378
0.211378
2.236178
0.608378
-0.349022
-0.350122
0.825578
1.095078
-2.805322
0.083178
3.767078
-0.311422
-0.463222
-1.132222
1.092978
0.140978
-0.434522
1.114378
0.620778
-0.548422
-1.602722
1.057778
-0.312622
2.019078
-3.425122
-1.086522
0.206878
2.159878
-0.162322
-3.749222
1.410278
2.822478
-0.828022
-2.025322
1.983178
0.142078
-3.029822
0.335278
-1.013422
-1.340122
-3.122622
1.148278
0.676778
2.134978
-0.933622
0.888878
2.313478
1.545078
-0.255722
1.832178
-0.342322
1.139178
1.754278
0.342078
-0.655022
-1.013022
0.406278
-0.544422
0.704978
-1.135522
0.887578
0.286078
1.113678
-1.619722
0.108278
1.296178
1.865678
0.219578
0.391378
0.790078
0.102878
1.887978
1.129578
-0.643022
-2.473222
-1.656022
0.566278
0.935778
1.182578
-1.807322
2.133478
-1.521922
-2.880722
-0.712822
-0.099022
1.729278
-0.677322
-3.249622
-0.372522
-0.161922
1.232178
0.887578
1.532378
-3.926422
-0.497222
-1.202522
-0.443622
-1.097922
-1.863622
1.205378
-1.433322
1.432578
1.412078
-2.878422
-1.165922
1.223178
2.330578
2.308378
-1.388922
0.796878
-4.077122
1.402378
2.395978
0.267678
1.469478
0.414778
0.019678
0.443078
2.639178
-0.450622
-2.367722
-1.640122
0.265478
-1.968422
0.114178
-1.880322
3.641378
-1.726322
1.205078
0.235778
-1.055122
-0.196922
-4.489622
-0.140922
-0.304022
-1.547622
-1.870422
2.155178
-4.349822
-1.845822
-8.229322
6.061678
-4.068622
4.596678
-1.129722
0.902078
-0.263922
-0.373322
-8.310622
-1.638222
1.119278
4.538478
1.821478
-2.934122
2.885178
4.717378
-0.153922
0.706978
-0.830022
-3.135622
-1.790422
4.292878
-3.304122
-2.705222
2.873978
3.615578
1.540578
2.831278
0.956578
-0.729022
-2.319422
4.186878
-4.072922
1.965378
2.792178
1.403078
-2.267522
0.668478
-3.079722
-2.794222
2.673678
2.847478
1.887078
-0.542722
3.533378
-0.139822
0.571378
0.085778
2.269378
-1.957222
2.070678
-1.233922
0.116378
1.860578
2.324378
-1.531722
0.082078
3.878278
0.078478
-2.741422
-3.306322
1.851178
2.560678
-1.701922
0.972478
2.240678
-6.020722
0.432578
2.006378
-0.226822
2.032678
-2.953622
-3.668022
-0.724422
-2.265522
-0.344922
-2.727822
-0.907222
3.921178
-0.445822
5.402978
1.010078
-1.494722
2.232978
-0.543522
-0.609422
-2.547122
3.079778
-1.178222
-1.575122
-3.124522
-2.822822
0.609378
-2.064722
1.946778
-11.666422
-0.321022
1.429578
-1.660622
-0.478822
1.126178
-0.592022
0.434378
0.069878
0.170478
0.350878
0.709778
2.115378
0.047778
-1.430022
-2.199922
0.594378
-0.050722
-0.652322
0.857178
-0.170722
-2.114822
2.855278
0.068978
0.605778
-1.552122
0.250278
2.051478
-0.402922
4.814078
0.740878
-1.092122
-0.293422
-1.012522
-0.488022
1.063778
2.646978
0.692078
0.852378
-0.975522
-0.323122
0.395078
-0.579922
0.949878
0.245478
0.628078
2.020178
1.411078
-0.711522
-0.645922
0.113678
0.290878
0.643678
0.920478
0.337478
-0.531022
2.186378
-1.085522
0.144578
-0.992222
-0.932322
-1.098922
0.841178
0.570078
0.024378
1.458378
-2.371922
1.401578
-0.585022
-0.150722
-1.132622
-0.808522
-1.297522
1.474078
-0.545822
1.155278
1.212778
1.478278
-0.355822
-0.945822
0.985878
-0.166422
3.664878
-2.401922
2.045278
0.341878
-2.118322
0.997578
0.107778
0.209078
-1.056022
-1.748522
0.024078
-2.489422
0.664778
1.189978
1.385078
-2.230122
-0.943222
-0.188222
1.466278
-0.939922
0.166378
0.537078
3.855178
-2.446722
-0.808222
-1.618722
0.024878
-0.134922
1.269578
1.253378
0.405478
-1.063822
3.042978
-1.653022
-1.938622
-0.256322
-1.435922
2.542078
1.921478
0.091878
-1.494722
1.166878
3.258278
0.685478
-6.264722
1.569478
1.199178
1.167678
-2.322822
0.369478
2.175278
-0.920222
-1.081522
0.264278
0.229278
1.596178
-1.507922
0.757978
0.480878
0.984478
-1.363322
0.971278
0.224078
-0.027322
1.595278
2.063778
-1.413822
1.445278
1.843578
-1.213722
-1.260422
0.816878
-4.033822
3.074578
-2.905922
-1.367422
-0.842722
0.879778
2.026078
0.970778
-3.733222
2.452978
-0.394622
-1.368322
1.484678
-3.074422
-5.295622
-0.539422
-5.803522
-0.866822
6.956978
-0.120722
-8.074522
9.120278
-1.566822
1.216878
-1.406922
-2.619122
0.926778
-2.588322
-3.376422
11.062478
-0.282522
-0.501322
1.925478
0.276078
0.275278
-3.573822
-1.192922
1.671978
1.441878
-0.789922
-3.901022
4.379378
-4.052122
-1.718122
1.745778
-3.273122
-0.677322
4.450478
-0.294022
3.608878
3.665278
-1.439422
-5.146622
0.819378
1.729278
1.331778
5.614478
-1.127222
-3.050922
-1.014022
-0.843222
-0.302622
0.135778
0.958078
-0.101122
0.387978
0.584978
0.437878
-1.260822
0.260678
-0.172922
-0.444222
-0.119522
1.824078
1.987278
-1.164822
-0.895222
-0.867422
-7.500722
0.378678
-0.379022
1.409878
-1.085022
-0.417922
0.398378
-1.950122
-2.819122
-0.560122
-1.074622
0.506478
0.380278
-0.133622
-1.795922
-1.556822
-1.177822
2.652078
-2.917922
4.599478
2.192878
-0.715822
-3.176222
1.058078
-0.217922
-3.334922
3.664378
3.637778
0.889378
-0.862922
-2.289722
2.301178
-1.610322
-1.961422
2.041178
-2.447622
-1.384522
2.332178
2.587878
-1.699022
-2.873022
2.430978
-2.496722
3.107778
0.500178
-0.803422
2.448378
0.869378
-0.982122
-0.731322
3.800678
-0.787622
1.163978
2.079178
-0.370722
-1.551422
0.646278
1.371378
1.541778
0.287678
-0.698322
-1.957122
0.409278
-3.717122
1.706678
-0.806322
0.321978
-1.004922
-1.152822
-1.863222
1.125978
-1.756522
-0.214822
-2.036822
1.326378
-0.093122
4.074378
-0.109722
-0.705022
1.567778
-0.758022
-1.893322
0.756878
0.490478
0.966678
0.522678
-1.719822
-1.869522
-1.945422
3.665378
-1.132422
-0.861522
0.336778
0.274478
1.512178
-1.370622
0.455678
0.372878
1.698278
-1.315222
1.892078
-0.030322
0.382578
-0.519722
-0.404222
-1.097322
-1.488822
1.043678
-2.779522
-0.443922
0.631878
0.236478
-1.058322
0.861278
-0.504522
0.320278
1.308678
-1.068622
0.256678
-0.666922
-0.155122
-1.209722
-0.136122
0.219878
1.097278
-0.610122
-1.071322
0.535978
0.616578
0.861978
-0.093022
-0.051822
0.669978
0.071278
0.623878
-0.844422
0.358578
0.050678
-0.112722
0.909278
1.224978
-0.210722
-0.090822
0.009478
-1.314522
-0.457822
0.622278
0.861778
0.632978
0.928578
2.701678
-0.184122
-0.435422
-0.417822
0.592978
0.066778
-0.687522
0.359278
0.222178
0.240978
-1.091722
-0.225322
-0.519122
0.185978
-0.108722
1.599778
-0.126622
-0.552422
-0.574822
-0.167122
-0.618122
-0.680922
-0.903822
0.209678
-0.170522
0.289578
1.585878
0.146478
-1.167722
0.584578
-2.436622
0.049978
-0.556122
-0.295022
-0.193922
0.152678
-0.051322
0.845478
0.009578
0.494578
0.451778
-0.731022
1.460878
-0.308622
1.503578
0.519278
1.297478
-0.376822
-2.080222
-0.306922
-0.089822
-1.200122
0.049578
0.049578
0.991378
-1.439222
1.197078
-0.766422
0.951278
1.775778
-0.069122
1.452778
0.585578
1.251078
0.499078
-0.085722
-0.085822
0.929978
0.902578
0.709578
-0.487322
0.726278
0.300278
0.189878
-0.611022
-0.157022
0.355978
-0.339422
-0.248822
-0.378022
1.261478
-0.957322
-0.635522
1.136078
-0.083722
-1.071922
-0.177122
-1.233322
-1.060922
0.159978
1.030078
-0.123022
-0.048122
0.514478
0.698378
0.230178
0.340478
-1.576022
1.448678
-1.006422
-0.234122
0.045378
-0.514322
1.639478
0.948578
0.500978
-1.464922
-0.988322
0.641378
-0.325222
-1.755922
0.027178
-0.123922
1.369878
-0.402322
-1.490022
1.547978
0.082978
0.008078
1.447578
-2.406022
0.895578
-0.983522
0.593978
-0.029422
-0.311122
-0.349722
1.236978
0.922878
-1.102022
0.026778
0.624978
-0.400722
0.548878
0.415978
-0.158322
-0.325022
-0.585722
0.119978
0.548478
0.322978
0.007878
-0.176822
-0.806022
0.623378
-0.140322
2.809378
1.017878
-0.135622
0.025178
-1.083222
0.495378
0.474778
-0.565322
0.043378
-0.190422
0.403678
0.294378
-0.565122
-0.208422
0
0.061478
-0.460822
0.170278
-0.570422
-0.101422
-0.555922
-0.156822
-0.944022
-0.047522
0.506878
0.228378
-0.102322
0.026078
0.062778
-0.909222
0
-0.806322
0.157278
-0.122322
0.175778
0.510378
1.377778
-2.822422
-1.569922
0.332878
-0.238822
0.027478
-0.163022
-0.545022
1.159778
1.847878
-1.258022
-3.291122
0.125878
-0.730922
-1.422422
-0.527722
1.348878
-0.286722
0.701378
1.560478
0
-2.562822
0.663978
0.068178
0.402878
0.440478
-0.713522
0.736478
0.769978
-1.288722
0.832878
0.261678
-1.038722
-0.677022
0.245878
-1.545722
-2.469122
1.567278
-1.362222
-1.707922
0.551078
-0.714022
1.176878
0.709978
0.520878
0.497678
1.385278
0.827378
-0.386522
0.108578
-1.478622
-0.312622
2.735778
-1.052322
1.002278
1.581978
-1.055722
-0.343122
0.322978
-0.147522
0.243978
0.419178
-0.244022
0.593778
0.028178
0.318678
0.510678
0.296678
-2.308622
-1.167022
-0.070122
0.009178
1.199478
-0.324222
-1.583522
0.308978
1.821278
0.302278
0.476678
-1.135722
0.048278
-0.893022
-0.821722
2.103478
1.083178
0.530378
-0.356522
-0.068422
0.143778
0.104978
0.451178
0.851278
0.369178
0.537978
-0.274022
0.989178
0.045378
0.456078
-0.326522
0.790878
-1.120122
0.625178
-0.883922
0.308078
-0.309622
0.382978
0.792078
1.026378
-0.377222
0.081378
0.356978
-1.274122
-0.196122
-1.069722
0.177178
0.757878
-0.829122
0.270678
1.036678
0.044878
-0.214122
1.120078
-1.275322
0.379178
0.155778
0.247778
0.873178
0.208378
0.808878
-0.299622
-0.536022
0.244378
-0.991522
-0.322522
-0.397122
-0.343122
0.563978
-0.913722
0.379978
0.748878
-0.029022
-1.316222
0.622878
-0.510522
0.194078
0.435078
1.117178
0.080778
-0.248022
-0.248622
1.090478
-1.099722
-0.285922
-0.121022
-0.139622
0.432078
-0.414622
0.726978
-0.413322
-1.186922
-0.233822
-0.644322
0.533378
-0.066622
0.306678
0.622078
-0.029122
-0.269522
1.157578
0.374278
-0.667922
-0.837722
0.211778
-0.657822
1.031578
1.020878
-0.120022
0.025878
0.591478
-0.210122
1.733878
-0.475022
0.563578
2.148178
0.094178
0.425478
-1.521822
-1.121722
0.453078
-0.845022
0.096778
0.186078
0.060778
0.542278
0.610178
-2.020122
0.169278
-1.608722
0.263078
-0.738522
0.355978
1.140078
-3.098422
-1.203122
-1.783222
-0.663322
0.433778
0.162478
-0.202622
0.066378
0.104778
-0.106622
0.796778
0.427978
-0.048622
-0.124622
-0.524022
-0.507522
-1.316822
-0.030122
0.281378
0.765778
0.143478
-0.702922
1.829078
-0.467022
-0.316222
0.123478
0.180778
-0.602722
0.143078
0.986878
0.160278
0.444478
0.027178
-0.878522
0.522278
1.314678
0.194878
-0.253022
0.082878
-0.458822
0.064378
0.626678
-0.215522
-0.402522
1.001178
0.935378
0.485478
0.519678
0.098478
0.752478
-0.172922
-0.552422
-0.101422
0.134778
0.769778
-0.658922
0.986278
0
0.599578
-0.938222
-0.658822
0.533078
-0.353122
-0.137222
-0.807422
-0.412222
0.099378
0.135878
0.939978
-1.676722
-1.391822
0.194778
0.175778
0.119578
-0.270722
-0.141022
-1.689122
-0.200322
0.540478
-1.125722
0.964178
-0.029522
0.405878
0.460678
-0.536022
0.517578
-1.661922
-0.239622
0.448378
0.198778
0.939178
0.685678
-0.234922
0.607478
1.422778
-0.763022
-0.398922
0.119278
0.137678
-0.732622
0
-0.588622
1.208478
-0.158822
1.065678
0.081178
-1.019422
-0.714722
-0.645022
-0.498922
-0.539022
-0.181322
-1.797022
-0.784622
-2.311722
1.486378
-3.806122
3.873278
-4.752822
2.716078
0.029578
0.451678
3.870978
-0.723222
0.454978
0.974078
-0.220922
1.943778
0.290078
-1.266022
0.368878
0.537578
-0.706222
0.689878
-1.025822
-1.188222
-0.683322
1.421278
-0.411222
-1.638622
0.884978
-0.454422
1.171778
0.583278
0.255978
-0.390522
-0.315722
-1.865622
-2.037122
1.023578
2.016978
0.375278
-1.394422
1.197678
-0.068422
0.104978
1.759978
-0.445522
0.179278
1.790278
2.056378
-0.174822
0.866578
-0.336722
0.789078
-1.236722
2.015678
0.633478
0.202678
0.965078
-0.256622
-0.133922
1.153178
0.756378
-1.152322
-0.763022
-0.874522
1.109778
0.974278
0.128678
0.754578
2.371178
-2.151522
0.127178
1.830078
-0.534222
-2.438922
-1.368122
0.077578
0.870778
-1.006622
0.324678
-0.380022
0.430778
0.622178
1.596378
1.244278
-0.503022
-0.897822
0.419778
0.743578
-0.469922
-0.916422
0.575778
-0.405022
-0.854122
0.076178
0.509778
0.541578
-0.851522
2.429678
0.327278
-0.347422
1.340978
-0.277322
-0.177722
0.424678
-0.394022
-1.103322
2.703678
-0.863622
1.055478
1.849278
3.895578
1.807878
-1.058222
-1.208122
0.314378
1.284978
-0.287222
-2.497822
1.251378
0.050778
2.164578
0.487278
-1.001522
-0.597322
0.267078
2.464478
-1.252022
1.177978
0.606278
-0.926122
-0.909122
-1.199522
-0.833022
0.486878
1.161878
-1.452822
1.043278
-0.234722
0.464478
-0.045022
0.419378
1.710678
-2.351122
1.092778
-0.104422
2.805778
2.155878
1.061878
-0.050822
-0.557422
-0.067222
0.466678
-0.904422
-1.139922
0.942578
-1.760722
2.400278
-0.358522
-0.944222
0.636778
1.064078
0.617678
-0.699022
0.940578
1.059278
0.731978
0.726478
-0.508822
-1.051122
-1.046322
-1.256822
0.862978
-0.411622
2.501478
1.732978
0.120578
-0.226522
-1.609922
0.366278
-0.237422
0.710678
-2.758322
0.725778
0.052978
-2.146522
0.476178
1.846478
0.433278
-1.281222
-0.762022
0.682078
-1.834322
0.575978
0
0.896578
-2.779922
-0.902222
-1.276722
0.613678
-0.153122
0.358778
1.628978
1.948178
-2.819822
2.298378
-0.871122
-0.485522
1.355178
2.213378
0.449878
2.652978
-0.957622
1.030878
-0.379822
0.359978
-1.141422
-1.784522
1.106178
0.929378
-0.693522
-1.057622
0.715878
1.016378
0.214378
-0.095822
-0.196622
-1.726322
-1.100622
0.452578
0.895578
-0.467522
-1.411422
-1.639922
-0.051422
0.381178
1.566778
-1.667522
-0.303622
0.707778
0.961978
-2.298322
-2.737922
-0.069722
-2.833022
-0.593222
2.578378
-1.928922
2.597178
0.972078
-0.203622
-3.187922
0.735978
-3.957222
3.263778
3.229478
-2.231922
-0.742022
0.942878
3.123478
-0.585122
-4.164022
2.173578
-5.850222
-4.904822
-1.251822
-2.736822
-4.950022
-5.342522
-1.722422
-1.415122
5.071978
1.496778
-5.683722
3.647778
-0.819222
1.895078
-3.956122
-5.930022
0.886478
-2.713622
-2.947122
9.555078
1.043478
2.812478
2.503478
-0.322522
0.766278
-3.715122
-5.336422
1.304678
-2.792622
-1.357922
-3.636422
5.595078
-4.618122
-3.558522
3.345078
-5.143022
-5.578622
4.366278
6.680078
0.940678
1.254078
-0.096322
-5.770422
3.812478
1.028978
-4.014622
4.057078
5.287778
-2.567822
0.194978
-2.762222
1.999778
0.682778
4.374978
-0.658722
-2.154122
-0.582022
-1.842522
-1.705922
-0.109922
0.995378
-0.109022
2.820178
0.719478
3.803578
-0.640122
2.765278
-1.624422
-0.705422
-2.855322
1.181778
-0.442322
-2.529922
1.107278
0.940378
-3.472722
11.504378
-1.487322
-0.654522
2.347178
0.054878
3.436878
-2.446822
-0.940222
-0.796222
2.793778
-0.705922
-0.463022
4.025778
0.696678
-3.677222
2.015778
-0.105222
-1.304422
-3.388722
0.915778
-2.830022
-0.168022
-4.988622
2.395478
-0.589322
3.563278
3.428778
-3.248722
-1.448022
1.949078
-2.256722
-1.919622
-2.725922
4.505478
1.559578
1.997978
-0.054822
0.941078
1.842078
-1.043922
0.761578
-0.172522
6.691378
-0.426022
-0.366722
0.836778
-4.697822
0.382378
2.496778
0.732478
3.277978
1.377978
-0.656322
-2.777422
2.460278
0.493378
-1.731322
-0.690922
-0.433722
2.599378
-0.168322
-0.840122
1.861378
0.223978
-1.112522
-1.331822
-0.140522
1.980378
2.049378
-0.808422
1.345878
1.499778
-0.330822
-1.172622
-1.951022
-1.082822
1.378678
1.000078
-1.626922
-1.193922
0.306078
3.155978
0.878678
-1.394422
-1.192722
-0.915122
3.061278
-2.000722
1.699278
1.508178
1.955878
-1.431722
-0.328922
-0.160822
0.845178
0.222478
0.594078
0.183578
0.958478
-1.098422
-0.555822
-0.289422
-0.308822
-0.636822
-0.424422
-1.304422
-0.087122
-0.288322
1.823278
-0.368922
0.131278
-1.342922
0.391578
-2.977022
-0.089222
-1.446922
0.478478
1.379878
-1.235122
2.756378
-0.367722
3.834378
3.179078
4.309678
0.873078
0.504678
-1.266622
1.278678
0.484878
-0.019122
-0.308122
-0.027722
0.501078
0.048778
1.676778
-0.277422
-0.955422
-0.930722
1.650678
-0.538522
-0.777222
1.262878
0.232478
-0.855222
-1.452822
0.648278
0.788478
0.309878
0.788078
-0.494322
-0.421322
0.527978
-0.044122
-1.023722
-0.154422
-1.162722
-0.524822
0.196078
0.960778
-0.266022
-0.352022
0.768778
0.312278
0.692478
0.384778
2.058878
0.038678
0.178078
-0.452822
0.022278
-0.660222
0.088678
0.105178
-1.455922
-0.446422
0.662678
-1.440222
0.939378
0.602678
1.325478
1.167778
-0.409722
2.965878
0.870778
-0.026322
1.036478
-0.298922
-4.964522
1.156778
-0.205622
-1.598322
1.495078
-1.909722
-0.218322
0.438978
0.693878
1.116978
-1.849922
-0.052122
0.487078
0.096678
1.481678
0.306178
2.021978
0.711578
0.209978
-0.741822
0.599278
0.918278
0.316978
-0.383822
-0.486622
-0.465422
0.966078
-0.221222
-0.518722
-1.252022
0.506478
1.247778
-0.581222
0.256678
-0.245822
-0.175622
-0.199522
1.243278
0.729278
0.252278
0.182178
-1.118922
0.160578
-1.028422
0.389678
0.567878
0.984278
0.043278
0.427878
1.321978
-0.358322
0.535478
-1.270322
1.173478
-1.218622
-0.660222
-0.356822
0.992878
-1.057622
0.784878
-0.225122
1.586578
-0.411222
1.780278
-2.910622
-0.970322
-2.723822
0.483378
-0.304022
0.450578
-2.052922
-1.109622
1.852278
0.679178
0.092978
-2.127422
0.412178
-1.338322
1.080578
-0.335222
0.738478
0.207578
0.981278
0.867778
1.160878
-0.495722
-0.277922
-0.318022
0.882978
-0.418222
0.060178
1.098178
-0.905122
-0.434422
-0.136722
0.407578
-0.670722
-0.690922
0.045178
1.565578
0.255878
-0.096622
0.646478
-0.717822
0.474678
-0.532522
0.200778
1.075478
-0.659922
0.541778
0.004878
-0.528922
0.129378
-0.414422
0
0.847078
-0.335322
-0.359622
-0.687722
0.890578
-0.321322
0.511378
1.709878
-0.284922
-0.209222
1.214178
-1.931522
-0.550322
0.097878
0.655378
0.558678
-1.471622
0.982978
0.266078
-1.129722
0.454478
-1.152622
-0.525722
-2.787922
-1.479322
3.404578
0.480378
4.552378
-0.915022
-0.231222
-0.582322
-0.386322
-0.849422
-3.937322
1.297978
-0.784022
0.045578
-1.046622
2.553678
-0.904722
-0.745122
2.458378
0.421078
-2.105022
-0.928522
-0.340922
0.134878
3.040178
0.592478
0.028278
0.993278
0.420878
0.472678
-0.644322
0.373578
-1.043922
0.615878
-1.486322
-0.845322
1.452578
-3.026622
-1.297722
-0.747622
-0.589922
1.302378
2.856678
0.753178
-0.018422
0.544278
1.396078
0.173278
0
-2.068422
1.364078
-2.506922
-1.022122
1.745578
0.703278
0.012778
0.160678
-0.166122
-0.329822
0.286178
1.827378
-0.308922
0.679678
0.415978
-1.292622
1.418578
-0.131822
-1.535222
-1.189122
-0.345822
-0.088822
0.521578
0.721178
-0.389322
-1.096722
-0.818422
-1.252022
0.285578
-1.998322
1.577578
-1.076922
-0.229422
2.133478
-0.591022
2.020678
-1.288222
0.092578
0.211478
1.279378
1.255078
-0.597022
0.439478
0.174778
0.390378
1.218378
0.133578
0.436378
-0.689522
1.842478
0.392078
0.167578
0.426778
-0.999722
1.107578
-0.298122
1.771278
0.120178
0.627778
0.083078
0.572778
0.125378
0.361178
0.794378
-0.321622
1.244178
-3.371222
0.742878
0.535878
-0.125022
0.111078
0.582878
0.529678
-0.385322
1.905678
-0.205622
0.352178
0.218778
1.806678
0.077978
-0.323722
-0.229122
0.269978
-0.774822
-1.172722
-0.080222
-0.985322
-0.214522
1.687178
0.467378
0.223778
-1.530622
1.826178
-1.320522
-0.712522
-1.011422
2.074778
0.522578
0.127178
-0.278922
-0.679622
0.655978
-0.479622
0.349778
-0.383522
1.056778
-0.765022
-0.128122
0.300678
-0.348522
0.840578
0.133478
-0.051722
-0.387622
0.243978
0.545278
0.091778
0.050778
0.479978
0.097878
-0.410222
1.084278
-0.501722
-0.206622
-0.254422
1.225078
-0.198422
0.782278
0.422678
3.334878
0.060078
-0.203222
2.645278
1.123278
-0.258422
0.007978
-1.165422
1.741778
0.952378
-0.169622
0.130178
0.276778
0.489378
0.735678
-0.853722
-0.350722
-0.156922
-0.395122
-0.243422
0.333278
0.503478
0.354678
-1.763822
-1.103522
0.357678
0.928578
-0.257122
-1.190522
0.108178
2.062278
-1.019922
-1.184722
1.458778
2.195478
-2.325822
0.242478
-0.650922
-1.479122
-3.796322
0.760578
1.098478
1.137578
0.192278
0.957778
0.309078
1.326578
-0.510022
0.925078
0.431378
-0.334622
0.725278
-0.022822
-0.168922
0.019878
0.196678
-0.211422
-0.071622
-0.437622
0.418178
0.611478
0.741078
-0.173022
-0.336022
-0.403622
2.131978
-0.373122
0.478478
1.105178
0.230078
-0.127722
0.909778
0.407578
-1.312222
-1.276622
0.244678
0.113678
0.746278
-0.527122
1.605878
-1.357622
-0.634422
0.960578
-0.045822
0.077378
-0.262722
-1.127222
-0.171122
-0.153522
-0.350422
0.180778
0.843078
-1.413522
-0.292822
-0.636822
-0.192422
-0.654022
0.386478
0.293578
-1.017622
-0.016722
0.571578
-1.101322
0.198778
1.077478
0.342078
0.716578
-0.335522
0.254978
-0.642722
1.534178
1.415178
0.301078
0.581578
1.732278
0.499278
1.289078
-0.702722
-0.004922
-0.860522
-0.547822
0.144478
-0.062222
0.741278
-0.158722
5.654578
-0.852922
0.669978
0.140778
-0.809822
-0.429822
-0.874322
0.237478
0.016878
-0.615522
-1.504422
0.427478
-4.120622
0.864078
-3.918622
2.630478
-4.740722
2.567178
0.871078
2.837178
-1.022222
0.129578
-4.471822
-3.849922
0.903478
3.348278
1.474278
-0.718222
2.139378
2.046878
-0.074322
-0.358422
-0.929722
-1.977422
-1.130522
1.321778
-1.241822
-2.358622
0.640078
0.611178
2.320678
1.693478
1.694378
0.070278
0.907778
-0.983622
-2.553722
0.416378
3.042378
1.823078
-0.100622
0.901778
-2.410622
-0.914122
0.826078
1.196878
2.726178
0.374678
2.308578
-0.878722
0.594778
0.365478
1.975278
-2.078522
-4.131922
-0.854622
-0.089522
2.460478
0.330778
-1.047622
0.882078
2.138078
0.833978
-1.515022
-1.787122
1.406478
1.827178
-0.501822
0.493678
-0.048022
-2.686222
0.598478
2.187378
-0.026622
0.736678
-1.139122
-0.487522
-0.274422
-2.040422
-0.104322
-1.863822
-0.510722
2.897978
-0.707622
3.891178
0.760678
0.100178
0.611578
1.089778
0.564678
-1.283522
1.544878
-1.233922
-0.546622
-1.281922
-0.667722
-2.096222
-0.381022
2.367878
-3.092222
0.303478
1.478078
0.097678
-0.529722
1.179678
-1.246022
-0.364522
-0.909122
-1.043722
1.033278
0.474278
-0.073522
-0.178622
-3.102122
-2.571422
-0.723322
-1.356522
0.057578
-2.441922
-0.476422
-2.631122
2.536278
-0.549522
-1.683222
-3.340722
-0.853222
3.088578
0.474178
-1.602922
3.078378
1.844278
-3.372722
-0.832122
-2.836422
1.092378
4.055878
0.322978
-0.841822
0.540178
0.608578
0.273378
-2.040322
1.217978
-2.319022
-0.717122
0.259278
0.992578
1.781978
1.560078
0.739178
-2.080422
0.203078
2.572278
1.375378
-0.990322
1.047778
-2.765622
5.374578
0.766978
2.392378
0.979678
-2.270222
1.297978
-1.496122
0.819778
0.422878
0.982078
1.463778
-0.263322
-0.369522
-1.599622
0.549078
1.723478
-3.714322
1.934278
-1.725522
0.861778
-1.243022
-1.718122
1.214278
-0.406622
1.712378
-4.636022
-0.602622
-0.331322
-0.677022
-0.797122
3.463378
-1.565422
-1.132122
-1.931922
1.405478
-2.291322
0.132278
-0.153322
2.680478
-2.631222
-1.225222
2.617178
0.130278
-1.840322
0.945178
-1.359722
-0.970322
-3.232522
-0.210922
-0.587522
1.149778
-0.160222
5.234178
0
0.321578
-2.328522
1.054778
1.354978
-1.499622
0.805078
-3.080622
2.886478
-0.845722
-0.900922
-0.641822
1.186578
3.321078
-0.337722
-2.237522
7.565478
1.794578
-1.411722
-0.898722
2.117478
2.007378
-1.128622
-1.684922
-1.425922
0.056678
3.419078
-2.329622
1.342878
0
2.309878
0.738178
1.985578
-2.217622
-5.333122
-1.382322
3.090178
-3.460422
-2.186522
-2.890522
1.025978
-3.112522
-0.281522
-2.430422
1.507578
4.301478
-4.550622
-0.436122
0.919478
2.006778
-0.230322
-9.235022
1.633578
-0.408422
-4.297122
-3.042622
-7.354322
-4.468822
0.475478
-6.427922
-8.935522
13.156278
0.858678
-10.584022
2.324478
3.212878
9.182378
-4.155822
-7.352222
-1.240722
-4.149822
-3.182222
14.630278
-5.449522
4.284978
1.280778
-1.078822
8.488178
-6.302722
-5.903022
5.741078
-2.076022
-2.049322
-11.133722
6.246978
0
-5.139822
-3.254522
-3.114922
-13.124722
14.836978
-4.933522
8.138878
3.569678
4.611578
-5.965322
5.749178
1.186778
4.073378
0.282778
2.110078
-0.332822
4.946278
-0.968822
-0.321622
-2.194322
7.218278
-1.332522
-1.852522
-1.580022
-5.383222
-1.072922
1.248178
2.329378
-0.832322
4.312178
-0.079722
5.656278
-1.253222
4.558878
-6.280422
0.935278
-2.989222
-1.873322
-0.819022
-3.908522
0
1.906778
-6.993222
5.473578
-1.043022
-0.234122
2.341878
3.126878
1.934878
-1.190322
-5.769022
1.032578
3.713578
-3.707722
1.392078
0.826678
-2.934822
-7.373922
0.792278
0.905378
-1.589122
-8.110022
-0.359622
-4.564022
-3.038122
2.591078
4.507578
0.342278
-4.669922
1.188078
-3.564122
-1.663922
3.447578
-5.720922
5.799278
-4.989722
12.819978
-1.269322
5.176178
-1.222522
-0.856622
2.805078
2.147078
-8.052822
-0.143122
9.631178
-1.140122
0.438178
3.401278
-4.763222
-20.010622
5.824578
7.286678
4.825678
2.343978
-2.968322
-1.462022
3.180378
1.416578
-0.901822
-0.578522
1.417278
6.746778
-2.164422
-5.221722
0.937278
0.505778
-2.626222
2.675278
-3.887322
1.398478
0.947678
-0.675122
4.623878
6.975678
-0.394722
2.517178
-0.888222
1.844378
-3.280522
-3.091522
3.344778
-1.334822
-2.391622
5.754378
-3.281022
-2.308022
-2.184522
-0.600222
2.817878
-2.184522
2.392978
-0.586322
2.528378
2.465478
-2.469322
1.988478
3.355378
2.380178
2.243778
-0.679922
-0.565522
-0.648322
-2.337122
-1.817622
2.122378
-0.543022
-0.751622
-3.702022
1.367478
0.966478
2.555678
-1.897422
1.536178
-0.587022
0.610478
-4.496222
0.118678
-3.409922
0.345678
2.119878
-0.227922
1.992878
1.782678
3.387078
3.437678
-1.696922
4.975378
-1.682322
-0.744822
4.037678
-1.095522
0.064978
-2.127022
-1.825322
1.051078
-0.555322
2.258578
2.935078
-2.314622
-0.352922
3.691678
-0.305022
-1.819422
1.455578
-0.825722
-1.355422
-3.001922
0.418778
1.777178
0.485778
2.990878
1.612378
-0.700322
0.720378
-1.099122
-0.377422
-1.483422
-2.290122
0.486478
0.712378
1.576078
-0.642822
2.160078
3.615778
-0.717622
-0.509022
0.311378
1.237578
-0.926422
0.806978
1.258778
0.616078
-2.536622
-1.821022
-0.806022
2.613278
-0.507822
-1.545222
4.338778
-1.330522
1.467778
1.064678
-1.143122
1.620778
-0.966922
0.092778
1.057278
0.193878
0.057378
-0.894422
3.350178
-0.242822
-0.376422
2.392578
-3.824222
-0.180022
-1.096822
-2.687322
3.691778
-1.812722
0.093278
0.023978
-0.218122
3.419778
-0.412622
2.041178
0.154178
0.647478
-1.154822
1.279078
1.262678
0.601878
0.822478
-1.599422
-2.044822
1.439578
-2.057422
-0.408622
-1.509122
-0.450122
1.585278
-0.979922
0.664378
0.961578
-0.276222
-2.174422
2.337078
-2.969422
0.434778
-0.522222
-0.936222
-0.356622
-1.816222
-0.152022
3.105478
-2.792222
-0.611122
-0.259422
-0.188722
0.774578
-0.718822
-0.367222
0.955778
-1.144922
-0.261622
-1.017122
0.098278
1.440278
-2.298822
1.782278
-0.801422
-2.184522
2.026378
-0.409922
-1.978522
-3.058922
0.756278
-0.847722
-0.854822
-0.552422
2.401878
2.155078
1.625678
-2.132822
-1.244222
-1.903122
-0.435022
1.810378
-0.124822
1.436978
0.364878
2.944878
0.861478
0.421678
1.244778
-1.498422
-1.808522
0.685078
0.607578
0.603778
1.929078
0.236078
-0.221522
0.975678
2.117078
0.330878
-0.146722
-0.249222
0.433478
-0.418822
-0.283822
1.975678
0.425878
-0.110922
0.223678
0.122978
0.022678
-0.143922
-0.077422
0.857778
0.188078
-0.539422
-0.409322
0.456378
1.516578
0.283678
0.315478
0.314378
1.317578
0.213178
0.212678
0.275778
0.052878
0.338278
-0.895622
1.392478
-0.262222
0.493778
-0.355622
1.122478
-2.531622
1.202678
1.188078
-1.132822
2.385378
-3.582022
-2.405222
-3.085522
-2.136822
4.092778
-0.043722
0.188178
-1.201122
-1.951722
0.228278
-0.044622
0.432178
-3.333822
1.146878
-1.050822
0.059478
-0.886022
4.757978
0.157978
-2.602322
2.926478
0.727878
-2.709722
-0.181822
-0.696722
0.162078
4.265278
-0.043722
0.154778
4.480778
-0.611122
0.720678
-0.263122
-1.276422
-3.055522
0.881978
-3.123322
-0.281122
-0.824422
-2.882422
-2.439322
-1.417522
-1.071722
0.063378
3.167478
1.636978
1.997878
-0.321522
2.726778
-1.562022
0.503278
-3.521222
1.861478
0.648178
-2.180822
4.003478
1.817378
1.219478
-0.142022
-1.424622
-0.044022
0.623378
3.404478
-0.523622
0.311678
1.274278
-1.596422
0.730578
-1.834022
-2.878022
-0.983422
0.057178
-0.383022
0.872878
1.403978
-2.368622
-1.167122
-0.664422
-1.015122
0.479278
-0.149922
1.349178
-2.487422
1.365078
2.598978
2.091778
0.985678
-2.805722
0.530678
0.056678
2.443978
0.350378
-0.304922
-0.174622
-1.061822
-0.575022
2.126278
-0.141422
-1.941922
-1.579422
1.990078
-1.440122
0.124278
-0.920022
-0.112622
-0.146722
-1.475722
1.441678
-0.521822
1.119878
1.683178
0.422378
-1.204622
1.332078
-0.242522
1.184578
-0.207522
-1.687122
1.627578
0.351178
-0.961122
0.386478
-0.538022
-0.110022
2.908078
0.440578
-0.556022
0.215178
-1.040522
-0.986222
-1.324222
0.555078
0.948978
0.284378
-2.559622
-1.184322
-0.757122
0.091978
0
-0.113122
0.809878
0.192878
-3.090122
1.665378
-0.216622
-1.352722
-1.405822
2.430078
0.783578
0.640278
1.486978
0.291178
0.691478
-0.077022
1.251878
-0.502722
-0.538122
-0.375222
-0.343322
0.823778
0.452778
0.582478
1.332278
0.118678
-0.139722
-0.139922
-0.722622
0.217578
0.282078
0.670278
1.760678
0.622278
0.303878
0.083378
-0.073222
0.553478
0.643778
-0.289222
-1.407722
-0.923722
-1.313422
-0.075022
1.278078
-0.137822
-0.711222
-0.684122
0.021678
-1.850522
-0.865622
2.742278
8.607878
2.634278
-0.300122
0.511978
0.798178
1.450678
-1.535622
0.448178
-0.781422
1.197678
1.638078
1.024078
1.317878
-1.267122
-0.536222
-0.233122
1.271478
0.787378
-1.621322
-0.954022
1.838078
-1.798322
-1.270822
-0.946522
0.247078
-2.295022
1.771978
-0.154222
-1.362022
-2.109122
0.078678
-0.992222
2.122178
-1.716522
2.053978
0.135978
-0.947422
-0.808522
-0.129822
1.808678
0.252978
-0.478022
0.136178
0.985878
0.830978
-1.650922
-0.508022
-0.922122
0.849878
0.518978
-0.069122
1.189978
-1.370622
0.077378
1.366878
1.174678
-0.039222
1.075378
-0.349922
1.265978
1.670078
-0.065722
-0.313822
-3.273022
-1.325322
0.655478
-0.470922
0.711878
-1.703622
1.390478
-0.672722
-2.183922
1.736978
2.609478
0.329778
-0.293322
-1.740122
-1.164722
0.222878
-0.360022
1.187478
0.855678
-2.988022
1.022178
-1.529322
-0.188522
-0.842422
0.049278
1.097178
-1.698522
0.019478
1.163678
-1.230822
-0.070922
1.526878
0.583178
1.140478
-0.769322
-0.892722
-1.998122
1.321078
2.289278
1.040478
0.740578
1.509278
-0.123622
-0.661122
1.127978
-1.136422
-1.946322
-1.491022
1.138478
-0.127122
-0.389722
-2.323222
1.847378
0.018778
2.401178
1.051978
0
-0.039022
-1.204522
-1.362722
-1.702122
-0.247922
-3.073322
-1.268322
-4.639422
-0.890122
-5.827222
1.943278
-4.630722
2.249878
0.375378
1.632178
0.161278
0.263978
-6.207122
-2.382922
-0.571322
4.087078
3.311878
-2.107822
2.417078
3.649178
0.762778
1.257278
-1.130922
-2.243222
-2.021522
2.424178
-2.862922
-3.191322
1.072378
0.810778
1.583378
3.266878
0.191978
-0.617122
1.446978
-3.953122
-3.593222
3.380478
2.850478
3.144078
-2.970222
-0.281722
-2.389122
-3.352122
3.734378
2.939778
1.135678
-1.410622
4.147578
0.930678
1.436278
0.211278
1.665578
-1.690222
2.393678
-0.937422
0.394778
3.529778
0.379278
-2.580122
1.829278
3.331778
-0.913922
-1.363122
-3.319122
-0.781322
2.443578
0.110678
1.382478
1.034778
-4.385422
1.225878
3.073378
-1.699022
0.411178
-2.260822
-1.944322
0.834478
-1.283122
-1.362422
-1.731422
0.605478
2.921978
0.177278
4.301878
-1.748222
0.568678
0.444078
0.441978
0.439978
-2.731922
1.956778
-1.035622
-1.198522
-0.072322
0.174478
2.082978
-3.026322
3.503078
0.800478
0.823678
1.880678
0.047378
-0.242522
1.325778
-0.670022
