-1.177161
0.396539
0.131339
0.995539
-0.688761
-0.768261
0.094039
0.621639
-1.180161
-0.094961
0
-0.094961
-1.992561
-0.445061
-1.379961
-1.122861
1.136639
-0.885961
0.060339
-0.217761
-0.974161
-1.063761
-0.546961
-1.447761
1.057439
3.176239
-0.654361
1.099539
-0.453761
-1.090561
0.582539
3.051039
0.367639
-0.597161
-0.833161
-0.449061
0.491039
-0.643961
0.216639
-1.155961
-0.257061
1.451439
-0.802561
0.454539
1.945439
6.108039
-1.108461
-0.092561
-2.443861
-0.320361
-1.340961
0.822739
-0.095061
-0.133061
-0.703561
-1.320861
0.562639
0.019439
0
0.597639
-0.938661
-1.256561
1.116339
-0.832161
0.410239
0.602639
-0.521261
1.300739
0.134139
0.172139
0.133539
-0.476661
0.057439
-0.937661
0.212539
1.830539
0.624039
-0.507861
1.114239
0.466439
1.876739
-0.347461
1.627939
2.069439
0
-0.230761
0.016139
0.298839
0.614839
-1.034261
0.758739
0.191339
0.225939
-0.228761
-1.944261
0.266339
-1.656161
0.776739
0.088539
-1.058961
1.901139
-0.943461
-1.418561
1.691139
1.304639
1.887639
0.465939
-3.363961
2.228439
-0.786761
0.473139
-0.369061
0.015939
0.086139
-1.596961
-0.054761
-1.907961
-1.435761
0.128239
1.967639
-1.137461
-1.952761
0.501639
0.239939
-0.166861
1.496539
-1.257361
0.275839
0.127939
0
1.118839
-0.418461
0.053739
-0.601861
0
0.310539
0.820539
-1.865661
0.903039
-0.384661
0.054239
0.750639
-0.892161
0.678039
-0.930261
0.238239
0.897939
0
-0.927961
-0.532761
0.828939
-0.238561
-0.385561
0.275039
1.117639
0.234639
2.150839
-0.479361
0.905439
0.509339
-1.280961
-0.658161
0.230939
-0.126061
0
-0.839661
0.664339
1.481339
-0.828761
1.826139
-0.506961
-2.890261
-0.415661
0.958039
0.876939
-0.516461
-0.161961
0.374139
0.550639
0.795239
1.842439
1.049839
-0.121561
1.654339
-0.153561
0.821739
-0.052561
-8.627761
-1.004961
0.165239
-0.387261
-0.794961
-0.800961
-0.469461
0.395439
-0.169361
0.619939
0.130239
1.622039
-0.606361
0.497639
0.348039
-0.970461
1.052139
-0.494261
-0.570061
0.608639
-0.092561
-0.459861
0.165239
-0.755561
-0.056261
0.426139
-0.388561
0.129139
-0.611561
0.353239
-0.204661
-0.539561
-0.168661
0.055739
0.354839
-0.242661
-0.131161
-0.318261
0.468239
-0.280361
0.167939
-1.923561
-0.590161
0.746539
-1.310961
-0.481061
-0.831261
0.058839
1.344339
-0.057561
0.365339
0.248939
0.362839
0.399439
0.246139
-1.077361
0.515639
-0.627061
0.286639
-0.667061
-0.057561
-0.364561
0.134839
-0.326761
-0.559061
-0.561961
-0.681961
-1.000361
-0.138061
0.655439
-0.492161
-0.375561
0.457739
-0.098261
-0.375461
0
1.172739
-0.293961
-0.373461
0.454939
-1.356161
0.060539
-0.815661
-1.143161
-0.384561
-0.956361
-0.471661
-0.886961
0.772839
0.394439
-0.348661
-1.176161
0.984139
0.022239
-0.226061
0.436939
0.971339
0.798139
1.723839
-0.656661
0.101139
1.382539
-1.124961
-0.817861
-1.548961
0.757639
-0.100261
-1.277761
3.928239
-1.205861
0.020839
-0.939561
0.909739
-2.180061
3.457339
-0.295861
0.496139
-0.610661
0.060139
-0.058761
-0.455361
-0.855461
0.021039
0.342139
1.180839
0.731839
-0.136861
0.923539
0.836839
-0.713561
0.408239
-0.405961
-0.174461
0.719839
0.637239
-1.054861
0.019639
-0.096661
-1.415061
-0.255061
0.532639
-0.450361
0.413939
-0.332761
-0.491061
0.178439
-0.413461
-0.890061
0
0.260439
0.140139
-0.337261
0.938139
-1.085961
0.020739
0.060639
0.060639
-1.015561
-0.542461
1.073539
-1.140061
-0.221561
1.765839
0.777939
1.246139
0.176039
1.188939
-0.712261
-0.949761
2.368339
0.095539
0.935439
-2.893561
0.019739
-0.603061
0.685639
0.097439
-0.562861
1.191339
3.414439
1.622039
0.237739
1.591339
-2.288661
0.791739
-1.481661
1.168239
-0.825861
0.276539
-1.456661
0.766139
-0.501561
-0.392061
0.691939
-0.167761
-0.242461
0.801439
-0.241161
0.648239
0.091339
0.716639
-0.676561
-0.680961
-0.093161
-0.574761
-0.913061
-0.131861
0.093739
-0.507661
-0.661161
-0.171161
-0.780461
-0.287661
-0.634561
-1.373661
-0.607661
-0.295361
0
0.257839
1.283139
1.032639
-0.828761
-0.913061
-2.058361
-1.260161
0.224039
-0.585261
-0.547861
-0.223561
-0.469761
1.174239
0.306139
-0.586661
0.143939
2.097239
-1.214861
-0.059461
1.272239
-0.298061
0.300439
-1.054561
2.717239
0.646739
0.992539
1.906839
-0.094761
0.812939
1.293639
0.128939
-0.351861
0.463039
0.682239
0.310739
0.455839
0.853539
0.809939
0.338339
0.301439
-0.906961
0.016639
-0.592261
-0.055161
-0.271461
0
0.739539
0.411139
-0.590361
-0.593661
0.197539
-0.235361
0.053039
-0.957461
-1.184961
-0.166561
-0.646661
-0.093461
-0.279361
0.092639
-0.503161
-0.542961
0.168839
-0.694861
-0.283761
-0.473861
-0.475961
2.619439
0.465239
0.055039
-0.315561
-0.204961
0.502039
1.054939
-0.568861
0.165039
-0.754761
-0.611961
0.689039
-2.276761
-0.246361
-0.284861
0.437439
0.359639
4.848739
0.736539
0.516539
-0.409961
-1.303061
-0.524961
-1.362661
-0.865661
-0.130561
-0.948161
0.093339
-1.143161
0.966039
0.843839
-0.279561
-0.429461
-0.618461
0.659039
-0.243761
-0.131661
1.558039
-0.684561
0.985639
-0.645561
-0.167461
-0.093461
0.538239
0.682939
-0.936561
0.610439
-0.239961
0.423439
0.458239
-0.348061
0.824239
1.399039
-0.556961
-2.146061
-1.124161
0.576739
0
-0.426461
0.426939
0.758039
-0.092561
1.267139
0.271139
0.342639
-0.668061
-1.143961
0.127639
-0.605461
0.238839
-0.497061
-0.868761
1.396639
-0.717161
0
0.424839
-0.166461
0
-0.056061
0.534339
-11.395261
0.560539
-1.171861
-3.517661
1.146139
1.516639
-0.313261
-0.482661
0.615939
-2.332961
-0.234461
-0.105461
-0.623961
-1.236061
0.420739
-1.201861
1.399239
-0.412561
3.096239
1.002139
-0.103361
-2.422161
-2.178961
0.731439
-0.282061
-1.161561
-1.663561
-0.425861
0.298439
-0.878461
-0.977161
-0.940361
1.700939
0.849239
0.116739
2.017039
0.025139
2.285839
-0.885761
-1.679961
1.403039
0.156139
1.293139
1.319339
-0.743461
1.697539
-1.495961
0.537539
-0.785761
0.839239
-1.721261
-2.010461
-1.697561
0.115639
0.833239
1.137439
2.883239
-2.369561
4.444739
0.525439
0.897539
0.600139
-2.070861
1.572839
-0.802661
-0.310061
1.273039
-0.389561
0.311239
-0.307361
0.476339
0.391639
0.062639
-0.141761
0.390139
0.347739
0.305739
0
4.393839
1.260439
-1.933361
0.176039
0.253539
0.408239
0.367639
-0.443061
-0.173961
-0.406761
0.525539
-0.909261
0
-0.722061
0.649339
1.191739
0.058039
0.173639
1.328039
1.955739
-0.242661
0.242139
1.172239
-1.049361
-0.911361
1.068639
0.908439
0.863239
-0.164961
-0.201661
0.017439
0.017339
2.063439
-0.090761
-0.198261
-0.557361
-0.127361
-0.560861
2.449939
0.512339
0.262839
-0.054261
0.262139
-0.825661
0.475739
0.051139
-0.616661
0.086939
0.122139
-0.054461
0.651239
0.611739
0.329139
-0.157961
-0.158161
0.363739
0.362239
0.084439
0.947039
-0.087561
0.357039
-0.428061
-0.395461
1.182739
-0.256661
1.647539
0.081239
0
-0.553961
-0.960061
-0.324461
0.593339
-0.729361
-0.836561
0.702039
-0.701061
-0.499761
-0.502061
1.887239
0.457039
-0.391561
0.388539
1.740539
0.379939
-1.012861
0.315439
0.314239
-0.384761
-1.153261
1.161639
0.080839
-0.152361
-0.419461
0
-0.186561
-0.589461
0.959239
0.081039
-1.020461
3.487239
1.642039
-0.179361
-0.211761
-0.340661
0.335639
-1.272761
0.045939
1.119439
-2.077661
0.473439
-0.247961
-0.182961
1.227539
-0.991261
-1.229861
-1.940361
-0.356861
-0.493561
-0.393661
-0.976061
-0.157161
0.222739
1.325239
0.184939
-2.463161
0.294039
1.784539
0.117139
-1.686361
0.569039
-4.147161
1.057239
-0.303161
-1.193961
-0.775661
0.997139
-0.809661
-1.069461
-0.128961
0.530539
-2.643061
2.525739
-0.457161
0.164139
1.810339
0.016739
2.423339
-0.895761
-0.903461
0.694639
-1.790961
-0.307761
0.378839
0.413239
-0.485661
0.449439
2.241339
0.156239
0.050939
-0.614161
-1.040261
1.510539
0.226139
0.400239
0.398539
-0.885761
0.295539
1.131039
-0.846161
0.015539
0.675539
0.360239
3.486039
-0.616761
1.517239
0.671639
1.156939
-1.343061
0.471639
0.111139
0.078439
-0.668961
0.994539
0.239839
-0.245161
0.531039
-0.308861
-0.503361
0.694439
-1.178561
-0.377561
-1.359861
1.008339
0.997939
1.020139
-1.369161
-0.344961
0.405839
-0.474861
-0.967461
-2.231161
1.432539
-0.118961
-0.585461
1.789839
0.408639
-0.117461
0.046439
-0.183061
-1.496461
0.680639
-2.434761
0
0.082539
1.166439
-0.153061
-1.225961
0.897039
0.922339
-0.119061
-0.085861
-0.352861
-1.826961
0.526339
1.947639
-0.850561
0.685039
2.478339
0.435639
1.889039
-1.129961
0.077139
-1.269561
-0.311361
-2.396261
-1.987161
0.014839
-1.413761
1.050139
0.731739
-1.916161
1.983639
0.014739
1.503639
-2.352461
-2.032861
-0.297761
-1.276561
-0.620461
-1.051161
1.563039
0.016239
-0.691461
0.515239
0.264339
1.782939
-1.129861
-1.984761
2.343939
-0.508861
0.965039
0.259339
-1.164561
1.490639
-1.644861
0.121439
1.560939
0
0.775839
-0.430661
-1.086661
0.676939
-0.917861
-0.891161
0.790139
1.481739
1.631439
-0.222161
-0.053061
-0.120861
1.033139
-0.254261
-0.860961
0.863739
0.418439
0
0.852139
0.412739
-1.077761
0.850139
-0.450061
0.912939
2.487439
0.238239
-3.196361
1.107739
1.259139
1.113539
2.348839
9.483839
-1.332361
2.873539
3.466939
0.660039
0
-0.909561
-0.890361
-2.463561
-2.215061
-2.926461
-1.056861
3.216339
-1.557161
-0.520161
0.958339
-0.400461
1.806539
-1.031261
-0.369761
-3.361261
0.253839
1.916739
-0.345561
0.010639
-2.042961
-0.474861
4.192039
1.152139
-0.077061
0.646939
-1.917861
1.065839
2.156639
0.236339
-2.624661
0.998539
0.124739
2.079139
1.501139
1.422839
0.062839
-1.767361
0.397839
-1.458761
-2.339461
0.348839
-3.352461
0.670539
1.419239
-0.424261
-1.036061
1.658939
-0.322261
-1.911061
2.081439
-2.380061
-4.336961
0.991639
-2.413761
-0.861361
2.233439
-2.149861
0.202239
2.300439
-2.142261
-2.629461
-1.000661
-0.286061
1.395239
4.730139
-1.494561
1.113039
-0.958161
-0.857661
0.642639
2.683539
1.510039
-0.999861
-2.318461
-0.924261
0.821139
0.234439
-1.103361
-2.613261
-0.806861
0.850439
-2.305561
0.786339
0.894039
3.789239
-1.399461
-1.013661
-1.990861
-0.854061
-1.549961
1.185639
0.902539
-0.323561
-0.858861
1.866939
0.283039
4.575939
-0.739361
-0.490661
-1.476861
-0.758761
1.135839
-0.166461
1.087439
0.491639
0.670539
1.278639
0.941739
0.262839
0.332339
-0.789761
-1.148661
-2.161261
2.644139
2.148539
0.815639
-2.054361
0.825939
-2.288761
1.552839
-1.109561
-1.761661
0.017039
-0.453361
1.870339
1.692639
-2.017761
-0.627361
-1.459061
0.784339
0
-2.120561
-2.572861
-0.854661
0.861739
-0.474761
1.315739
-1.261161
-0.400261
-10.577661
-1.002861
-1.833461
0.772739
1.421239
-2.945161
3.128039
-2.597561
1.304139
1.286939
0.797339
3.305639
0.558439
2.113739
-2.950861
-0.846661
-1.270761
-3.821461
-0.897461
-0.152061
-1.705061
-4.170761
1.487439
-0.668561
0.401039
3.281639
-0.964261
-1.791061
1.229639
-1.024161
1.272939
-0.839161
1.129239
-1.926561
-1.454361
0.638439
0.914139
-7.323861
-0.817161
-0.873861
2.262739
1.963939
1.098939
-0.163361
-1.704261
-1.537261
2.367739
1.583539
0.745639
-3.150061
-0.215061
-1.245861
-1.062361
-1.223961
1.962539
-0.068961
3.919039
1.323739
0.880039
-0.910361
0.501439
-3.267761
0.272839
-1.620361
3.481839
-2.305961
0.468439
0.854239
0.028939
3.105839
1.099739
-1.817261
0.027739
0.403139
2.784539
1.208139
-0.064061
0.789439
0.738439
0.246239
0.907139
2.078739
-0.575661
-0.664861
-0.972361
1.336939
2.225139
0.318539
0.275339
1.994239
1.954539
-2.599761
-0.267461
-3.048161
1.007839
-1.713361
-0.665461
-2.967961
3.198039
-1.707461
5.264839
0.399039
-2.226561
-2.020861
-1.105661
-0.897861
0.291139
2.676339
-0.449461
-1.185961
-0.456461
-0.326561
3.461039
-0.189461
0.364639
-0.741361
-0.404261
-0.148061
0
0.583039
-1.387261
-2.013061
-0.992161
0.293439
1.494639
0.331739
-1.505161
2.731539
-1.487161
0.857239
-0.366661
-1.501261
-0.107661
-0.727761
-1.937061
1.208639
0.699639
-0.509761
-0.332961
0.925039
0.782639
-0.240061
-0.904861
2.751139
-0.410461
2.163339
-0.489061
0.839239
2.831939
0.560039
0.639039
-1.367761
-2.131861
1.631239
-1.101561
-1.913061
1.653939
1.626439
-0.434261
2.606939
-0.425361
-0.100761
0.715539
1.723139
-1.253761
0.142139
0.021139
-2.634861
0.270139
-1.626061
-1.442961
-0.571461
0
0.365339
-2.061761
1.588139
-0.916961
0.498539
-0.662961
1.449539
-1.126061
-0.966261
-0.366861
0.853039
-0.365061
1.542639
-0.531761
-0.749061
0.413339
-1.741861
-1.465261
-1.664361
0.387739
1.871839
0.113439
3.069939
-0.532861
0.712339
-0.403661
0.795639
-1.380261
1.403839
0.108439
1.169839
1.155839
0.602939
0.928939
1.246639
-0.543361
0.386239
0.263439
1.108039
0.816839
1.441539
0.875739
0.289339
1.288039
0.550139
1.716639
0.129239
1.351239
0.053939
-1.589061
1.204839
1.080139
-0.961561
-0.604561
-1.160161
0.874339
2.194839
-2.618461
0.054939
-1.130261
0.879739
0.649039
0
-0.830361
1.021739
-0.276661
-1.273261
-2.521961
-0.938661
1.798339
-0.322961
-0.895361
0.711039
1.774039
-0.693861
0.207239
2.691639
1.520439
0.161339
-0.595761
1.031939
1.487339
-0.266461
1.681139
-4.442661
-1.513361
-1.055061
-0.878961
1.376039
0.613039
1.015539
-0.750661
-0.129661
1.640739
0.271139
-2.298461
-0.907761
-0.243261
0.692139
-0.093461
-0.242361
-1.920761
0.817039
-2.016861
0.327039
-0.824061
-0.907861
1.579239
-1.323861
-0.757861
-0.293361
-0.215561
1.240139
-0.640961
0.567439
-1.807661
0.060039
1.642239
-0.174761
1.656639
-3.238761
-1.048861
-0.379261
-1.665761
0.225839
1.039939
-0.543161
-0.829561
0.062539
0.225739
-0.752061
-0.675461
-1.629361
0.484439
2.193739
0.675239
-0.221961
-0.425661
-1.774261
-1.307061
0.233339
-1.698461
0
-0.787761
-0.191261
0.110139
0.970939
1.089139
-0.145661
-0.314661
-2.008961
-0.235161
0.024139
-0.192261
-1.016161
2.126239
0.709539
-3.636161
3.159639
2.205939
0.399439
2.106739
0.184939
0.999139
1.755039
-0.454961
0.935839
-1.162261
-0.696961
0.783739
0.737539
-0.216761
3.584839
1.815739
0.618939
0.167339
-0.316961
-0.392561
1.854939
0.900639
-1.951361
-0.874161
-1.968961
-1.739961
1.459439
2.051439
0.356539
-0.355961
-0.206961
-0.771561
-2.293661
0.097239
0.252039
0.328639
0
-1.982961
-0.097761
-1.473561
-0.457961
2.424739
1.310539
1.370239
0.133139
0.588939
-1.341461
0.057439
-0.669461
-0.712261
-1.066061
-11.461161
-0.904161
-2.876261
-1.903361
-0.347061
-0.348061
1.300939
0.818439
-0.111461
-1.820561
1.344939
-1.643261
-2.188961
-0.645961
0.271939
0
1.577339
1.361839
-0.770661
1.116639
-0.112761
0
-3.485161
0.029339
-2.298461
0.675639
0.325839
0.766739
0.370739
0.951739
-1.509561
-0.848861
-0.117561
-1.201461
-0.268461
-1.318561
0.487139
-0.623661
0.132939
0.790539
-1.374561
-0.578961
0.390239
0.796339
0.991939
-1.420561
-0.526761
0.746139
-0.879961
1.206539
-0.624561
-1.237461
-0.584461
-0.277561
0.913439
-0.532461
-0.741561
0.604539
-1.052261
-0.227961
1.706739
-1.355961
1.023039
0.857539
-0.581561
-2.024261
-0.806161
1.250039
1.756339
3.008039
-0.517161
-2.471661
0.493939
-2.214161
0.920339
0.859839
3.056139
-1.063461
-1.627161
-1.142761
-1.672061
1.451439
-1.364961
-2.117761
-0.072761
-1.574161
-1.925461
-0.352261
-0.353461
0.875239
0.922639
-2.269461
1.159939
0.091839
1.034039
-1.390561
-1.075861
-2.267661
-1.629261
0.273039
-1.767461
1.522939
3.543939
2.180539
0.974239
-0.347061
-0.512561
1.358239
-0.834361
-1.389061
1.536439
-1.277361
3.360339
3.517839
-1.675461
1.875539
-3.169961
0.514139
-1.557661
-2.066561
2.676139
-4.250561
-0.914061
0.883739
-0.242861
2.054839
1.518439
-7.536761
0.273239
1.905039
0.324039
-0.247261
-0.190561
4.044939
-1.009261
-1.908061
-0.415561
-1.497261
0.904139
-0.991161
0.211739
0.211239
1.992339
-1.934661
2.623039
1.435839
2.628339
-0.287861
-0.881261
-0.834361
0.474039
0.198939
0.960139
1.812739
2.520539
1.528839
0.793839
-1.380061
1.564939
0.534139
-3.420861
-0.485261
1.177539
-0.276261
1.784939
0.385939
-0.271261
-1.384161
0.698439
-1.189661
0.341339
-1.558461
-0.644461
1.763739
2.814439
2.135139
1.844539
-0.982061
-0.651161
0.616839
1.196239
-0.211261
-0.740961
-0.067661
1.290239
0
2.853039
0.492739
0.027139
-3.304661
0.985639
-0.398161
1.407339
0.543439
0.773339
0.443339
0.211039
-3.096761
0.739139
0.357139
-1.518661
-1.636661
-0.841261
1.492339
-0.115261
-0.451861
-1.419461
0.764339
2.021639
4.171339
1.991839
0.025639
-1.049161
0.750039
-3.162361
0.722639
-0.663461
-2.659261
-0.209461
1.220139
0.734139
-2.215461
1.366439
-0.490461
-1.060861
-1.215361
0.126139
0.077539
0.125739
-0.163861
0.319039
0.895639
-0.591661
-0.882861
-0.309561
-1.135661
-1.442861
0.329439
1.221539
0.078839
-0.851661
0.474639
4.010339
-0.349861
-0.445661
0.076039
2.310839
1.839539
0.938839
0.749039
-5.669361
-1.872761
0.804039
-0.163261
-1.173561
1.392039
-1.170761
-0.358961
1.734339
0.172339
0.124139
0.696439
0.549339
0.216339
0.121839
0.919339
-0.716561
-1.564061
-1.112861
0.317339
1.274539
0.785039
-0.394561
-0.254661
-1.435561
0.411839
-1.020561
0.414339
-3.952061
-0.867861
-1.378661
-1.907861
-0.591461
1.498339
-1.462461
0.556139
-0.695161
1.970339
-1.867161
0.556139
-0.487161
0.033039
-0.228061
-0.647061
1.823939
-0.949861
0.554939
0.084639
-1.211461
-1.068461
1.200339
0.190339
0
0.921739
0.343339
1.012839
2.636639
2.866439
-1.034661
0.127439
-0.214261
1.104939
1.382439
1.744439
2.135439
1.585639
-1.147361
0.117739
1.439339
-0.782861
-1.015061
-1.710961
1.376139
0.577139
-0.885561
0.716839
0.254839
0.846039
1.425539
-1.176261
0.296039
-0.737261
-0.516461
0.753239
0.206239
2.095139
-0.327561
1.571639
-1.411061
-3.106961
0.845639
0.612639
-1.005661
0.433739
0.792339
-0.913661
-0.921661
-2.159461
-0.856761
2.421039
0.438939
1.212039
2.097939
2.451039
4.328639
-0.307961
-0.308761
-0.683061
1.442839
-2.448161
-0.947461
-0.445061
1.734439
0.527239
-0.771661
2.213339
1.299339
0.021539
0.306039
1.115339
0.020939
-1.621061
5.800939
-0.134561
-0.096161
1.445239
-4.842561
0.778939
-2.829961
0.673339
-0.787761
-0.141461
-2.059961
-1.935861
1.297739
-0.983561
0.742939
2.081639
-1.624061
0.900939
0
2.260139
-3.098561
0.231639
0.147639
-0.935061
-2.456161
-0.535961
2.578239
1.710839
-0.931661
1.069139
0.312139
2.292039
-1.390661
-2.023261
4.697039
0.738139
1.840039
1.650739
-0.744861
0.596439
-2.619561
-0.490261
1.203739
-0.798561
-0.451261
-1.675961
-0.340061
2.234339
1.043439
0.487039
0.213339
0.406039
-0.365561
0.058039
-0.598061
0.369039
1.953039
0.018739
-2.179861
-0.832761
-0.253561
0.450739
0.682339
0.135639
-1.757961
0.452739
0.763639
-1.067661
4.847439
0.916439
-2.503361
1.273639
0.581439
-2.966961
-0.480561
0.173939
1.214439
0.018939
2.379039
-1.506161
1.112939
0.130139
2.402639
-2.165361
-3.625061
-3.027261
0.855639
3.015939
-1.128561
-1.257061
-0.097461
-1.351961
1.371339
-3.506661
1.767239
-2.811361
3.017339
4.281939
0.553539
-1.006261
0.632639
0.209439
3.439639
2.772939
-0.912661
0.161139
-3.078961
1.280539
-0.459061
-3.222361
-2.187261
0.719539
1.061539
0.820839
2.063339
1.279039
0.493439
-2.277861
-0.280061
-0.392861
-1.721161
-2.088461
-1.916561
1.299539
2.280139
-0.994561
-0.832861
1.578439
-2.144061
-1.452061
2.139439
-1.312861
-2.334561
-1.092461
0.387739
0.566139
3.517139
-1.532361
1.473339
1.624439
-1.423461
-2.910861
-0.685861
0.025539
1.367239
3.994939
-0.782561
1.903939
0.316239
-1.523561
0.702139
2.887339
1.536339
-0.664061
-1.682461
-0.390461
-0.101961
-2.132761
-1.543261
-1.910861
-1.509061
1.671239
-3.299961
1.156739
3.467639
0.715139
-0.791061
-0.883461
-2.503861
-2.075461
-4.583261
0.985139
1.164539
-0.533861
1.109739
0.864539
-0.341861
2.894839
-1.322561
-0.929861
-2.408861
-1.478661
0.315239
1.695139
0.729939
0.538439
0.027039
2.706039
0.475439
0.830939
-0.773361
-0.600261
0.745239
-0.286861
1.904739
4.853539
-0.647061
-0.777361
1.084439
-2.118261
1.353039
0.996039
-2.196761
0.237639
-2.367561
1.511239
3.210839
-1.228961
-1.074861
-0.573961
1.740539
-0.061361
-2.508661
-0.711461
-2.546361
0.204339
-1.134261
0.837839
-0.332261
-0.692061
-0.199861
0.116539
-2.730461
-0.808761
2.415339
-3.264161
1.020039
-2.169661
-1.882561
0.808539
-1.033161
1.444239
0.557739
1.510439
-2.373161
1.813039
-2.433961
-3.318561
0.582939
2.025739
-10.625261
-2.752861
0.374339
2.052539
2.449339
1.640339
0.560139
-1.170961
1.569839
-1.114061
1.825839
-0.795561
1.545739
-2.279061
-1.437961
1.739939
1.080939
-2.868861
1.580839
1.345639
3.191639
2.640139
-1.045561
0.474639
-3.901261
0.134239
-2.214161
0.711539
1.794339
-3.530661
-0.335661
-2.664661
-1.975661
0.147139
1.309039
-1.166061
4.566439
0.139339
0.719239
2.232139
-2.067261
-1.848761
1.045839
0.929239
-1.584961
-1.450761
-0.610861
0.900739
0.248939
-1.356061
0.956439
-1.951561
-1.168561
0.257739
2.410439
2.137139
1.352839
0.241139
0.136639
-0.070961
1.225639
2.286139
0
-1.120861
-6.652061
1.607739
2.755639
1.486539
-0.888761
0.806439
-0.121561
-2.631861
0.717339
-0.802461
1.086139
0.084939
-1.527261
-1.022361
2.114139
0.241939
1.178739
1.988039
-0.473261
0.335639
-2.039361
0.083939
-0.791561
0.032739
0.603239
0
-2.132561
0.296839
1.608139
-0.225761
0.653739
-0.790361
-0.226461
0.240439
0.550539
-0.534061
0
-3.952861
0.034739
1.488639
-0.708861
0
-0.446561
1.536639
-0.811561
0.513339
-0.760661
-3.167461
0.917439
-1.711261
-1.462761
-1.371261
1.008839
2.750739
-1.559361
0.762939
0.479739
0.091139
-3.490261
2.149739
1.433339
0.421339
-3.363461
-0.302761
0.663439
1.506239
-0.297361
-1.191061
-1.487261
-0.878761
0.038639
-0.192461
-0.597861
0.097239
1.259939
0.440039
1.352239
0.319039
1.329139
1.089439
-0.677061
2.243539
0.952239
-1.408761
0.468639
-1.583361
-1.005461
-0.240561
-1.294861
0.767339
-0.130661
-0.967861
0.713239
0.036739
-0.801761
1.558339
-0.795661
-1.081161
-0.188661
0.829739
-0.299761
2.119239
-1.396561
0.483639
1.370539
-1.334961
-1.074761
-3.444161
-1.065661
0.920939
0.039039
2.831339
-1.433161
0.267739
-1.163361
-0.192761
-0.656861
0.739339
-0.077061
0.270539
1.945039
1.963839
0.091939
1.035239
0
1.847939
0.789439
0.996839
1.039639
-0.176361
0.925239
0.708539
0.445239
0.391739
2.282639
-1.919161
1.407939
-0.571961
-1.989861
1.217939
1.202839
-2.433661
-0.122261
0.135639
0
0.289939
-1.200461
0.292739
-0.640961
0.710739
1.067839
0
0.339239
0.848139
0.132539
-0.120161
-2.445861
-1.418161
0.663939
1.024639
-1.465461
-0.490861
-0.914361
0
0.087139
2.475539
1.171939
1.209039
0.941439
-0.169361
-0.269961
-1.225761
2.627139
-0.267061
-2.802461
-1.246161
-2.451861
1.094939
0.610439
0.606539
-0.796361
0.555239
1.175039
0.237339
-0.582061
-0.688261
-0.278261
1.850939
-6.954361
-1.060261
-1.458761
-0.524761
-0.470861
1.172039
-1.028161
0.886839
-0.748661
0.376539
-1.370561
-0.247461
-0.476861
1.360139
-0.756161
0.609039
0.151139
0.377439
2.689639
1.079739
-0.182161
1.124039
-0.557361
-1.263761
-2.265761
1.045839
2.143939
-1.376361
-1.119861
-0.686961
1.437439
-0.350461
-0.739361
-1.135261
1.109539
-0.353961
0.316739
-1.023661
-0.413761
-0.981261
1.295139
-0.583161
-0.813261
-1.734461
1.377039
-0.764961
-0.192561
-0.598161
-1.125761
1.276439
-1.588961
0.571539
0.744239
-0.252261
-0.135961
-0.311561
0.508739
1.789439
0.152739
0.838939
-0.699861
2.036839
-0.131061
0.036839
-0.635061
-3.399461
1.846739
-0.706061
-0.480261
-0.308661
0.851939
-2.034161
0.215839
1.270439
0.906739
0.611539
-0.418061
0.152439
0.152139
0.836039
-0.301761
-0.812861
0.323739
1.233639
-0.806561
-0.529361
-0.190061
-0.133361
1.066539
0.376539
-1.370561
-0.304561
-0.935061
-0.596861
0.445639
0.327839
-0.595561
0.212739
-0.308361
-0.715261
1.908439
2.273139
2.781939
2.269639
1.525839
-0.491361
2.247539
-1.050061
-1.477461
-1.287661
0.248539
1.529139
-2.700561
-1.910061
0.916939
1.290139
0.034739
1.057239
0.566539
-1.713161
0.034739
-1.149361
-1.216761
-1.782261
1.439039
7.222439
0.754039
1.055039
-1.081961
0.748139
1.199139
0.181439
-0.619761
-1.429061
0.440539
0.235039
0.640039
0.585339
1.332839
4.032239
-0.873861
0.747139
0.028339
-0.874261
-0.067061
-2.032561
1.839939
0.172939
1.850439
0.874939
-0.905361
1.722039
0.258339
-1.264561
0.027539
-0.065861
-0.252661
1.525739
-1.678961
1.106039
1.835239
-1.384661
-0.388361
-0.158161
0.583839
-2.370461
-1.766061
0.845839
0.171439
-0.066761
0.742039
-1.530061
2.905139
-0.997261
-1.100961
-1.683461
-1.905061
0.867939
1.251039
1.186839
-0.162161
0.028539
2.032339
0.448339
1.702539
-0.522361
0.026839
-0.386761
-4.308861
-3.392661
1.427239
1.062439
-1.721461
-0.167561
0.525939
2.839439
-1.312861
-1.135661
0.569939
0.127239
-1.042561
-2.677961
-0.474361
4.147539
-0.311861
-2.758861
1.439639
-1.308161
-0.119661
0.383039
-2.472861
-0.635161
1.272139
3.091539
-1.206061
-0.819961
-0.473261
1.704139
-1.912561
-0.425461
-0.070161
-1.549761
0.395339
2.715639
-1.927761
2.387439
-2.019161
0.133939
-1.241761
-2.185261
-1.495161
-2.319861
-1.333461
-0.463161
0.148039
-0.519961
0.651939
-0.685861
-2.368161
2.787239
0.649339
-0.738561
-1.412661
2.185439
-1.125361
-2.256261
0
0.438539
-1.841461
0.966939
-0.708461
14.382239
-1.131361
-0.121361
2.795539
2.768339
2.160039
-1.203961
0.028839
0.220539
1.559039
-0.913661
0.170839
-0.208861
1.691039
1.241939
-0.065261
1.457539
1.254139
-0.827461
-1.829961
-0.710761
0.955739
0.946339
3.122939
0
0.201639
0.068939
0.509039
-0.369461
2.221639
-1.136461
-0.584161
1.510539
1.143139
-0.657461
0.537539
-2.148661
0
1.852039
2.202139
-0.144561
0.775839
0.894039
0.063139
0.268539
0.185739
0.308039
0.225439
-0.466461
-1.244661
-0.101861
1.595039
-0.507961
-0.387561
-0.224561
-0.430861
-1.962161
0.739739
0.943139
-0.143461
-0.226661
-1.183361
3.809239
0.629139
1.027539
6.395139
0.093139
-0.243561
-0.169061
-0.169361
2.048539
-0.829461
0.649239
-1.162661
0.391239
-0.279261
-3.893961
4.748239
0.165839
-0.646961
-0.836661
2.079039
-0.789761
0.165739
-0.794361
0.352839
0.462639
-0.129861
0.608639
0.201039
0.896239
0.162239
0.053239
-0.887761
-0.384261
-1.338361
0.946339
0.385439
0.420439
-0.347361
1.444439
2.613339
0.015939
0.542839
-0.578061
0.718439
0.015739
0.782539
-3.062061
-3.799461
-1.983561
0.926039
-0.655861
-1.866161
3.245039
-2.510761
0.476639
-0.550461
0.133439
1.390339
-0.131861
2.049239
1.344139
-0.855261
2.950039
0.158839
-1.547261
-0.632661
-1.326361
1.011039
0.345039
-0.164261
0.489539
-1.031461
0.053839
0.382339
-1.000661
-5.635861
0.875439
-0.366161
-2.146861
0.613239
1.944739
-0.365861
1.063139
-0.286861
0.325939
-2.579361
1.353339
-0.173861
0.678239
1.173639
0.132939
1.689239
-1.586861
-0.701761
0.553539
-1.575761
-0.906161
-1.069761
0.374039
-0.528361
1.752539
0.947939
-0.172461
0.518039
-0.820661
-0.788661
0.678739
2.714739
-0.244061
0.807239
0.092639
-0.726261
1.142739
-1.538261
-0.959761
1.689939
-0.877961
1.788739
-1.092061
0.429639
2.996439
0.089239
0.738939
-0.377461
1.958539
-6.542461
-0.849061
1.274139
-1.295961
-0.627761
1.320339
-0.774461
-0.285561
0.705739
-0.132761
-1.536061
-2.213961
0.453239
1.469839
1.872739
1.989139
-0.242061
0.539339
0.684239
-2.225061
-2.838661
2.417939
-0.623361
-1.006961
1.784339
1.111639
2.068039
-0.676361
0.311639
-0.385461
0.422039
-1.483261
0.389439
0.424839
0.422839
2.107739
0
0.124439
0.733839
0.941739
0.333339
-0.089361
-0.511261
1.570339
3.596939
0.282839
0
-0.554461
-0.994561
1.679239
-1.188161
2.245139
-1.671461
0.484839
-0.821561
-2.378461
1.775839
-1.985961
2.955539
1.190139
-2.242861
0.116639
0.624939
6.683439
-0.902961
-0.050961
-1.803161
-1.867961
-1.142761
-2.091361
2.335739
-0.786061
1.123339
0.512439
0.013839
1.500539
1.184839
-2.237761
1.921039
1.367939
1.539839
1.233939
-0.328561
-1.198561
-1.024161
0.678839
1.304139
-1.200761
-0.868761
0.139539
-0.209261
1.695139
0.136939
0.354739
0.260239
-1.319461
1.737439
1.676239
0.708339
-0.320061
-0.441761
0.041439
-1.715661
-0.943661
1.536039
0.164639
1.112039
0.555239
-1.431861
0.346739
-0.414061
-1.544061
0.507339
0.658639
-3.629961
-0.431861
0.522739
-0.906961
-0.275061
2.290039
1.579539
0.597939
1.360739
-2.680961
1.006339
1.734139
3.003839
-3.921761
-9.545861
-3.562861
1.835239
3.519139
-1.445861
-1.399161
2.165139
-1.722561
-1.344361
-2.739561
1.538339
-4.166961
-0.055561
2.017939
0.337339
-0.480961
-1.625161
-2.231661
1.909639
1.108939
-1.242661
0.745839
1.282339
2.764539
0.883639
-1.430061
-2.462461
0.696439
0.122939
0.300139
1.112339
0.400439
-1.202961
-2.098061
-0.846761
-1.797061
2.043739
1.779439
1.024039
-0.185661
-0.135961
-0.820761
0.250239
1.475139
-1.507961
1.341039
1.123939
-1.345961
0.346039
-0.316861
-2.540761
-1.482761
0.982539
-1.010961
0.101739
0.636339
0.991939
-0.596061
-0.872361
0.170139
0.616439
2.097639
-0.704561
1.192739
-0.235361
-0.535861
-2.264061
0.409239
0.049139
0.628839
-1.781261
-2.244061
1.127439
-1.536461
1.663139
0.625239
1.105639
-0.138961
-0.481761
0.411139
0.409239
0.612239
-1.426661
0.772039
-1.077161
-0.726261
-1.009261
-0.826161
-0.974261
-0.269161
-2.310561
-1.265061
2.429839
-1.268661
0.952739
0.325939
-0.363061
-0.672961
0.913239
-0.797961
0.090339
0.436739
-0.200661
0.890139
-0.397561
1.229039
-0.447961
-0.539561
1.622239
0.424539
-0.036861
1.588939
0.293839
-1.146061
0.278939
-1.452761
0.566139
-1.059561
-0.500261
-0.430961
-1.259761
-1.602961
-0.962561
-0.766161
-1.223261
-0.114361
-0.934161
0.981239
-1.428661
0.309239
0.269739
0.441639
-0.286761
-0.824061
0.850239
1.513139
-0.830361
-0.494661
0.592339
0.379739
0.718639
-0.263261
-0.414461
0.453339
-0.978561
2.355039
-0.000561
-0.816761
-0.897961
0.301539
-0.602061
0.605039
-2.180861
-1.402461
0.058739
1.421339
-0.940261
1.956439
1.405339
1.666239
1.214739
-0.946961
0.715339
-0.401961
-1.574561
0.092339
0.426439
-0.425861
-0.613061
-0.691261
-1.015361
-0.095061
0.911839
0.225539
0.055939
-0.413261
-0.979961
1.654839
-0.206261
-0.262861
-0.601661
-0.283761
-0.568761
-0.552661
0.095739
-1.148161
1.664639
0.494739
-0.568261
0.475839
0.397639
0.358239
-0.150761
0.319639
0.168439
1.048039
-0.815761
-1.326361
0.075439
0.018639
-0.718361
-0.875461
0.806139
0.723239
-0.472661
-0.398861
-0.724161
-0.249461
0.577139
0.975139
1.684739
0.483439
-0.148861
-0.148961
0.537939
0.590239
3.248139
0.354139
0.087139
-0.390661
-0.498561
0.997739
0.387039
1.476039
-1.422961
-1.161761
-0.801561
-1.004861
0.759139
-0.073061
-0.288661
-0.343461
-3.941761
-2.069961
1.440739
0.321639
-0.151261
-0.793761
-0.057261
-0.000161
0.475939
-0.132861
0.436139
1.038439
-0.916161
-0.547161
-1.403061
0.326839
0.747139
0.684239
-0.812061
0.437539
0.814339
0.375339
-0.730261
-0.471461
0.984239
-0.262861
0.112339
1.407039
-0.130161
-0.519261
-0.261161
0.895139
-0.832761
0.633339
0.906939
-1.322161
-0.781561
-0.693661
0.094039
0.376539
0
-0.394561
-1.243761
-0.076361
0.381639
0.836239
0.659339
0.055739
0.074339
-0.598461
-1.297361
-0.514161
-0.325361
0.076839
1.035539
-0.208961
0.170939
0.018839
-1.384861
-0.788361
-0.290461
0.039139
0.213939
0.814039
-0.192061
1.732539
0.434839
-0.621761
-0.701261
0.038039
-0.591161
-1.073861
-0.600561
-0.545461
0.568739
1.929039
-1.700761
-0.563361
-0.546861
-0.510361
0.000539
0.632239
-0.450661
0.118739
-1.455061
-2.254261
0.838139
0.507039
-0.361461
-1.231261
-0.693961
-0.142661
0.228239
-0.142561
-1.275061
-0.561261
0.358239
-0.603961
-0.544361
0.888939
-2.049261
0.429439
-0.061661
0.597839
-0.526661
0.172139
1.380939
1.236039
0.084139
0.228539
0.783839
0.573139
-1.095261
-0.265461
-1.973861
-1.110461
0.171839
-0.485061
1.214839
-0.166261
-0.713761
1.400939
-0.437161
-0.753661
0.001939
-0.103661
-0.103761
1.441739
0.606839
-1.823361
0.783339
0.043739
-0.416961
0.506339
0.315439
0.606139
2.880639
0.323039
-1.022161
-0.870261
-0.162261
-0.694561
0.516639
-1.884261
-1.084361
0.297539
1.895839
0.207939
-0.719661
0.146839
3.129139
-0.862561
0.244139
0.768539
-0.219561
0.563139
0.080639
0.718739
-0.533861
-0.536561
-0.479261
0.463139
-1.239161
0.284539
-0.200861
0.142639
0.525939
0.021039
-0.962561
0.345539
0.525939
-0.260161
-0.804161
0.041739
-0.363861
0.123239
-0.791161
0.206039
-0.529861
0.802239
-3.135261
-0.986161
0.256739
-1.416261
0.174039
-0.726261
-1.723961
-0.589961
0.886139
-0.128561
-1.026861
-0.528161
0.069839
-1.019161
2.539739
0.352939
0
0.046239
0
-1.806061
-0.840061
-0.869261
-1.034461
0.299939
-1.836961
-1.685461
1.628239
0.004039
-0.227461
-0.042361
0.050439
0.931439
0.623939
-0.156061
0.186539
-0.817361
0.969339
0.208439
1.139139
1.058539
-0.196861
-0.419661
0.606439
0.424839
-0.262261
1.886439
-0.867161
0.244039
1.052539
-1.793661
0.399439
-1.862061
1.679539
3.958839
-0.695561
1.193839
-0.250461
0.486639
0.735739
-0.934861
1.220039
1.723539
-0.100761
0.593039
-1.073961
0.185839
0.717339
0.508839
0.223239
1.149739
0.717939
-0.177361
-0.989661
-1.999161
-0.937361
-1.110561
-0.144061
-1.749361
0.999039
0.253839
-0.123861
0.777439
1.228739
1.603639
0.061739
-0.524061
0.001139
-0.648361
-0.754461
0.083739
-0.121961
-0.554161
-1.281061
0.211339
-0.771661
-1.451361
-1.237061
0.175539
-1.379261
0.396639
-0.389661
0.309039
1.529039
-1.801461
-0.762461
-1.010361
0.492539
1.353139
-1.765861
0.536439
1.019539
0.527639
0.742239
-1.055461
1.224339
-0.665561
0.045939
0.284239
-1.726161
-0.920461
-0.773361
1.456039
0.641639
0.090239
-0.543761
2.046339
0.928139
-0.573661
-1.155761
-0.800061
-0.587561
0.464539
-0.566161
0.662939
-0.893261
-0.482161
-0.218461
0.580039
-0.482461
0.313239
0
-0.085461
0.179739
-0.151561
0.577239
-0.502261
2.275639
0.692639
2.272539
0.713639
-0.039961
0.895639
-0.740261
-0.517161
-0.436261
0.609139
-0.830861
-0.900361
-1.014061
-0.596461
0.776539
-0.680561
-1.178961
-0.714461
-0.456761
0.859939
-0.302361
0.090039
1.246639
0.131739
-0.169761
-1.269161
-0.630261
0.178439
0.747839
-0.758661
-1.355661
1.979539
0.481639
1.129039
-0.640261
1.812739
0.658039
0.611439
-0.207161
-1.128461
-1.521761
1.893139
1.330239
-2.577961
0.792139
0.192639
0.044239
0.339839
1.054039
2.937339
0.385239
-2.738161
0.291439
-0.142961
-1.176461
-1.357261
-0.358261
0.002139
0.533539
-0.378561
-0.316261
1.130039
0.359539
1.972039
-0.738461
-0.101961
0.312339
0.951339
-0.878061
-1.133061
0.252039
-0.934461
0.589739
1.629439
-1.127761
-1.264761
-1.175361
-0.657161
-1.560261
0.372139
-0.127461
-2.143561
-2.211861
-2.532761
-0.088861
0.329539
2.366739
0.184439
-1.306161
1.604839
0.521039
-2.257761
-0.339761
2.117339
0.070839
-0.940461
0.615939
0.792239
0.293839
-0.130561
-0.822361
-1.278761
2.235939
-0.464661
0.898239
-1.238661
-0.288561
0.430939
-0.332861
-0.918261
-0.064561
-0.722561
-0.156261
0.392739
1.234239
0.115839
0.273039
0.204939
1.613239
0.244839
-0.392261
0.289239
2.571939
1.628939
1.202139
0.001639
0.584039
-0.329261
-0.268061
0.812439
0.743739
-0.858161
-0.369961
1.078339
0.861639
0.488439
0.607139
-1.002861
-1.803461
2.086539
0.162839
-2.319861
-0.205061
-0.226161
-0.226561
0.375639
0.001539
0.270539
-0.308061
-0.101961
0.125839
0.270439
1.795639
3.849539
0.019839
-0.896361
1.750739
-1.990161
-2.384661
-0.523861
-0.891761
-1.165561
-1.592961
-0.103361
0.317739
-1.320361
-1.379961
0.153339
-0.341961
2.873739
0.022839
0.463239
-0.874961
0.444039
0.169439
0.441039
-0.289861
-2.712261
0.195339
0.366239
-1.703961
-0.518061
0.896439
0.391339
0.109939
-0.384461
-0.062261
-0.774261
-0.780061
0.528439
1.331639
-0.169661
-0.191361
-0.622961
-0.496461
-0.367961
-0.391061
1.232439
0.089239
-0.344161
0.350339
2.947539
0.464539
-0.835361
-0.842161
0.810639
-0.251261
0.657639
0.779139
0.668639
-0.246861
0.375039
-0.184461
-0.743661
-0.331961
1.654139
-0.965461
-1.016061
-0.103061
-0.753961
0.848039
0.169539
0.608739
0.895939
0.104539
0
-0.574961
-0.722961
-0.498661
0.483539
-0.248461
1.004439
0.228939
3.652439
-0.596161
-0.579461
-0.260661
0.807939
-3.580561
0.209039
-0.888561
-0.186161
-0.730261
1.181639
-0.248161
-0.123461
-0.979861
-0.356561
-2.304361
-0.993561
0.571239
0.437339
0.803139
1.504739
0.974539
0.483239
-0.227461
-0.165261
-0.750761
-1.809061
0.152339
0.473139
0.939339
1.457639
-0.123161
0.438739
0.395139
-1.112661
-1.416761
-0.040361
0.298239
1.372939
0.188839
-0.434361
0.752139
2.918339
-1.687161
-0.509661
0.227339
-0.244561
-0.758361
-0.887961
0.836439
-0.122661
0.146539
-0.205261
0.685239
-1.068361
-0.372561
-0.394661
0.043639
0.106439
-0.479061
-0.943161
-0.167561
0.320439
-1.394261
-0.190761
-0.470361
0.671539
0.538139
0.044839
0.364339
0.999539
3.909439
3.498139
-1.366561
0.436139
-1.969861
0.623939
-0.558261
-1.826061
1.187139
-0.463561
0.102639
-0.485361
-0.630061
-0.469861
-0.430761
-1.176461
-0.040061
0.294539
1.002339
-0.535061
-0.226561
0.438139
0.270539
-0.803161
0.604639
0.208139
-1.916061
0.191039
2.392739
0.636139
-0.446461
-1.224761
-0.660361
1.542039
-1.515361
0.084839
-0.206261
-0.331561
-2.212561
-1.898661
0.568539
-0.581761
0.568439
1.084239
-2.608461
3.276139
0.065939
2.870739
-4.087761
-0.837261
0.197939
-5.109061
-1.251461
0.489139
-0.042161
0.210739
0.233239
0.095239
-1.344861
1.301239
0.163739
-0.977661
1.801139
-1.987961
0.696439
-0.775561
-1.982161
0.711139
-0.884461
-0.302261
1.565839
-0.554761
0.800339
0.584639
0
2.566239
0.678439
-0.980061
-0.222261
-0.606961
-1.861361
0.305239
0.696739
0.072539
1.859439
0.880339
0.560339
-0.307261
0.803039
-0.239561
-0.151661
0.821339
2.854239
0.322039
-1.315361
-1.289361
0.264339
-0.236561
-2.002161
0.581139
-2.936261
-0.155761
0.003639
1.712839
0.809739
0.780639
-0.371861
-2.629161
0.344239
-0.381261
0.571339
-0.831961
-0.724861
-1.669761
0.959839
6.098139
1.155539
-0.685661
0.283839
-1.896561
0.046839
-1.425761
1.920239
-1.549861
1.757439
3.035639
0.637239
0.738139
-0.081761
0.649339
1.454139
0.737439
-0.526561
0.817239
-0.828361
-1.650861
0.188139
-1.467561
0.400739
0.838039
-0.350861
-0.497561
0.733239
1.080239
-0.757761
-1.280061
0.629739
-1.163061
-0.477161
0.287539
2.182639
-0.438061
-0.950661
-0.929061
-0.478261
0.811139
-0.934061
1.088839
0.133039
-0.414261
-2.887661
-0.867461
-1.476661
-2.205661
0.572539
-0.999561
0.640939
0.833339
-0.149161
-1.907161
-2.441161
-0.733161
-0.087661
1.762839
1.327639
1.243339
0.669839
-0.573061
0.308539
1.417839
1.655039
-0.209161
-0.399861
0.012639
0.649439
-1.979961
-1.696561
0.899439
1.508839
-0.435461
-2.044861
0.735639
0.469439
-0.537761
0.176339
-0.669561
-1.754061
0.080739
-0.351961
1.149439
0.442839
0.145139
-0.084761
-1.561661
0.080839
0.713439
0.476739
-0.183661
-0.645161
-0.649161
1.515739
-0.610661
-0.085261
1.370139
0.404939
1.377839
0.237139
-0.115061
-0.467061
-0.276261
0.174139
-0.340661
0.722739
1.421739
-0.682061
-0.940661
0.975039
0.234839
0.741039
0.923939
0.759439
0.660739
0.042239
0.747739
1.716039
-0.467961
-3.295361
0.384839
0.042739
0.197339
-1.222861
-1.081361
0.486039
0.577739
-1.018561
1.463439
1.317439
0.717039
0.863939
0.705239
-0.858261
0.403939
-0.079361
-1.855961
0.839739
-1.114061
-0.664961
1.497439
1.474739
-0.259461
0.101239
0.010939
-1.191761
0.011239
-2.026461
-2.191761
1.027839
0.734339
0.323639
-1.851461
0.866639
1.266539
-0.514561
1.972139
-0.232661
-0.202561
-0.447961
0.349939
0.471139
0
-0.080161
-0.629461
0.656339
0.255339
0.741139
-0.894461
1.503339
0.940639
0.575039
0.039939
-0.402861
0.188239
-0.876661
0
2.038739
-0.048361
0.711639
-1.557161
-1.522261
-0.049061
-0.887161
0.554539
0.401139
0.369439
1.142239
0.422439
-0.224361
0.950039
-1.269861
-0.637761
0.751439
0.039639
-0.930361
-0.760761
0.249839
0.994239
-1.376461
-0.647361
0.432339
-1.277761
-0.170861
2.199639
0.932339
0.216439
0.245339
-0.224361
0
0.803139
2.194639
0.265839
-0.218061
0.835039
-0.301461
1.339839
1.237839
-0.432961
0
0.673339
1.301339
-1.539661
-0.515461
-0.794961
-0.493861
-0.580361
-0.414161
0.150839
1.847339
-0.241261
-0.325261
-0.465761
-1.028461
1.113639
0.848939
1.840939
2.134039
-0.285961
0.007639
-0.768061
-0.989261
0.960439
0.142539
-0.906961
-0.209161
-0.563061
0.308939
-0.373461
0.090239
-0.292361
0.227439
-1.221661
-0.627761
0.787939
-0.626561
-0.269161
-1.439361
0.771839
-1.280361
0.804039
1.219539
-1.465261
-0.216661
-0.697661
0.350939
1.228739
-0.607361
0.318939
0.373939
1.043739
0.396039
-0.101861
-0.515761
0.479839
-0.074361
0.532839
-0.952461
-0.129961
0.480139
0.229239
0.173539
-0.486361
-0.543761
-0.435461
-1.496261
-0.245461
0.774739
0.177739
-1.198261
0.037639
1.059739
-0.159561
1.584239
0.008539
-0.212861
-0.906561
1.072039
-0.877161
1.097539
-0.626561
-1.102461
-0.693161
1.422739
0.343139
-1.435461
0
0.628739
0.652539
-1.242361
1.866539
-0.405861
-1.655361
-0.667561
0.718639
0
0.769539
-0.130961
0.204639
0.734639
-1.266061
-0.411961
0.685039
0.680139
0
-1.352461
1.670039
-0.074561
0.756439
-0.568961
0.588939
-2.024661
1.466639
0.118939
-0.432961
0.257839
-0.986061
0
1.040839
-1.123261
0.985539
-0.903361
-0.493061
1.493439
0.587939
1.187639
0.035039
0.197539
0.467339
-0.315061
-0.585661
0.197839
-0.181561
-1.103761
1.214439
-0.100361
-0.561161
-0.264361
0.609039
-0.127761
-0.046361
-0.454061
-0.237561
-0.402161
-0.266361
-0.597361
1.060839
-0.621861
-0.377461
-1.208661
-2.986661
0.327039
-0.507961
1.541039
-0.445861
-1.019161
0.240539
-0.076761
-1.171261
-0.427061
2.350639
0.323839
-0.047661
0.208739
1.259939
-0.299861
-0.947961
0.350139
-0.104061
-0.869061
0.180839
-0.874561
-0.220461
0.269039
0.210739
-1.108561
-0.743761
0
-0.135961
-0.603761
-0.607261
-0.167061
1.106439
-0.780761
1.840339
-0.772561
-0.135961
-0.983761
0.630239
-0.341761
-0.136861
0.039739
0
-1.284961
-0.138461
-0.377361
0.639939
-1.090561
1.093939
-1.417561
0.554139
1.811039
0.187039
-0.489561
0.364839
1.305139
-0.454861
-0.690061
0.950039
0.242639
-1.237661
-0.635861
-0.876161
-0.764361
0.281139
-0.408361
1.092939
-0.465061
0.458639
0.040239
-1.325961
-1.162661
-0.536661
2.765439
1.856439
-0.691261
-0.578161
0
0.631739
0.921439
-0.980161
-0.048561
1.186739
-1.559361
-0.461861
1.166739
-0.663761
-0.638461
-0.375261
1.380439
-0.430361
-0.933361
0.605839
0.483639
0.098539
0
-0.783461
0.454739
1.690739
0.415639
-0.740661
0
0.387839
0.328239
3.125639
1.239539
-0.405861
-0.351961
0.704239
-0.626861
-0.158161
-0.603661
0.064839
-0.718461
0.741439
0.064739
-0.661661
-0.637661
0.490039
0.037139
-0.244161
0.826639
0.623839
0.147539
-0.684761
-0.800861
-0.638161
0.263939
0
-1.035561
0.123439
0.208739
-0.416961
0.893839
-0.160561
-0.273961
0.662039
-0.272861
-0.556161
0.662839
-1.232861
0.266539
-0.474961
-0.362561
-0.421261
-3.796561
-0.258861
-1.010461
-0.625961
0.774539
-0.231161
-0.079861
-0.565761
1.171639
-0.743361
-0.171161
-0.323561
-1.362661
1.311739
0.530639
1.074439
-0.109261
0.612439
0
-0.347961
0.760439
-0.762961
0.820139
-1.148761
-0.379961
0.524039
-1.369661
-0.353861
0.255539
0.620139
0.101839
0.131939
0.825439
-0.707161
1.336239
0.040239
0.307539
1.875439
-0.135361
0.358939
-0.048161
-0.482961
0.534139
-1.206561
-0.517361
-0.490461
-0.581461
0.962939
2.102839
0.356039
-0.277961
0.009639
-0.826061
0.242339
-1.410061
-0.342361
0.364139
1.184939
-1.673261
-1.789561
1.723139
0.039839
0.659539
-0.458761
-0.136961
0.098739
0.451839
0.859839
0.445539
-0.597361
0.242539
-0.251161
1.143639
1.015339
-0.474261
0
-0.876261
-0.566761
-0.685661
0.797639
0.646339
-1.082661
-0.803561
0.010139
-0.282661
-0.195261
0.715939
0.447839
-0.280661
-0.834761
0.597539
0.827339
0.299239
-1.288661
0.945139
-0.453361
0.475039
-1.465461
-0.606161
-0.432461
0.484839
0.600339
-0.546861
-0.638061
-0.078461
-0.108161
-1.296261
-0.259861
0.131639
-1.012861
0.132939
1.013339
-0.950961
1.103439
-0.079161
0.551239
-0.616161
0.431339
-0.587161
-0.620461
-1.198861
-1.733261
0.759439
0.289839
1.274739
-1.235661
-0.727261
1.128139
0.226039
-0.080361
-0.110961
1.114039
-1.018561
-0.416861
0.103739
0.379639
0.194739
-0.354561
-1.089861
-0.204661
1.189039
-0.539561
0.965439
1.138639
1.516939
0.603839
0.216639
-0.136761
0
-0.519761
0.158439
-0.048661
0.246839
0.747139
0.214839
-0.631961
0.215739
-0.517061
-0.078061
0.245939
-0.107261
1.215739
0.677939
0.471139
-0.191361
0.182139
0.038239
-0.076561
0.468639
-1.675361
-0.135261
1.405239
1.557239
-0.301361
0.377039
-0.526461
0.547439
0.572339
1.072939
0.507139
-0.432461
0.036139
0.368039
-0.377261
0.119039
-0.681761
-1.186461
0
0
-0.806561
0.519339
0.150039
-0.328761
0.517239
-0.075361
-1.086861
-0.047561
-0.274861
-0.617261
-0.563561
0.153739
1.418839
0.746339
0.093339
-0.834261
-0.359161
0.521039
0.631339
0.542839
0.455839
0.787339
-0.763961
-0.519461
0.511539
-0.852761
-0.691661
-0.724361
0.406939
-0.217161
0
0.292639
-0.358261
-0.472761
0.123239
0.293739
-0.160961
1.173339
-0.411961
1.980839
3.156739
1.693939
0.007139
0.349139
-1.015261
-0.548661
0.353439
0.192939
-0.839461
-0.739561
2.023339
-0.598561
-0.522461
-0.045761
0
0.007439
0.939339
-0.098261
0.561439
-0.360261
0.033539
-2.782361
-0.560461
-0.563361
0.227039
-0.837961
-0.762161
0.313539
-0.461261
0.036339
0.480139
0.091239
0.256539
-0.184161
-0.597561
-1.016361
-0.606761
0.290439
0.345639
1.937739
-0.924061
-0.766261
0.649939
-0.573061
-1.439361
-0.866661
0.664639
-1.943361
0.702139
0.238639
-0.390561
-0.936861
0.472839
-1.142461
0.330339
-0.396561
0.330539
-1.035461
0.626239
0.592939
-0.482661
0.883039
0.269239
2.022839
0.910939
0.008739
0.483339
-0.602461
-0.689761
0
-0.553661
-0.217161
0.065839
-0.613761
-0.275461
-0.704461
0.268339
0.181539
0.638939
0.549339
-0.075661
-0.471661
-0.218061
-0.389261
0.352239
-0.958561
-0.134061
1.850839
1.195139
2.771039
0.035139
0.631939
0.546839
0.061239
-0.527961
0.223139
-0.448761
0.466239
-1.307361
0.497439
-1.019961
0.090139
0.499439
-0.833761
1.157939
0.359639
0.627739
0.677139
-0.604261
0.462339
-0.445161
0.863239
-0.416761
-0.365061
0.942139
-1.103561
-0.313261
-1.440461
1.504239
0.355939
-1.113661
1.573239
0.405939
0.827439
-0.150361
3.185439
-0.579061
-0.710261
-1.462461
-0.097661
-0.516461
0.086039
0.138439
0.400539
-0.071361
1.130839
-0.432561
-0.174861
0.344639
-1.883461
0.772439
2.075039
1.262939
1.550439
1.451439
-0.657861
0.623639
-1.468461
1.725639
-1.489061
0.478139
-2.221061
-1.891161
1.218239
-1.317861
0.471039
0.186239
-2.504461
2.713339
0.952739
2.463139
-3.775961
-1.842461
-0.176061
-1.302861
-2.089261
0.793839
3.341039
-0.617361
0.320939
2.040839
-0.070261
0.722139
-1.059461
-2.455061
1.715439
-0.819961
1.204839
0.418239
-0.761961
1.658239
-1.668861
1.116339
0.771839
0.993539
1.509639
-0.414161
-0.440461
3.714039
0.196739
-1.288061
0.005039
-0.988861
0.592839
0.394439
0.271639
0.005039
1.478439
0.218839
-1.372461
0.341839
0.148739
-0.593761
1.160739
-0.518961
-0.521461
-1.389361
-0.530961
-0.141661
0.544939
-0.531361
-1.857861
0.305539
0.752539
-0.636761
-0.193161
0.528639
0.426639
-0.216361
1.660639
-2.011361
-0.043961
-0.341461
-0.068961
-2.756861
-0.172661
-1.659361
-0.357861
2.490639
-0.529261
-1.813561
0.868339
-1.286961
-0.333661
-2.306261
1.326039
-2.514561
1.941139
2.677739
-0.851161
0.374139
-3.570961
-1.860461
1.249839
1.479039
-0.099661
0.464339
-1.034961
0.574939
0.866739
-1.802061
-1.184161
0.858039
-0.644161
-0.155861
1.678539
1.030939
0.034139
-0.977861
0.384139
-0.742261
-1.868361
-0.671361
-2.717961
-0.618861
-0.547061
0.663139
-3.106461
1.612539
-0.783661
0.211939
-0.096061
-2.249961
-2.772861
-0.423661
0.793139
-1.308461
-1.570161
-3.335861
0.323939
1.262939
-2.044461
-0.966661
-1.410461
0.509939
1.121239
3.536739
-0.186661
1.323139
0
-0.681461
2.397539
2.340439
1.491139
-2.446761
-0.901961
0.223739
0.223139
-0.824961
0.468239
-2.363561
-0.764161
2.733139
-2.616561
0.564139
2.466339
1.274339
-1.774961
-1.318961
-2.076761
-3.968761
-1.593961
0.691939
0.157339
0
1.214339
-0.802461
0
2.349239
-0.704661
1.792739
-1.714061
-2.088161
0.068839
-0.722761
-0.550561
0
1.138439
1.213239
-0.193061
0
-0.716061
-2.475261
0.250639
-1.633461
0.618939
3.422839
1.469439
-0.450561
1.453939
-1.385561
1.366139
-3.093461
-1.869361
0
0.070639
-0.288261
0.250639
3.119839
2.589539
-1.459861
1.184639
1.340239
-1.025061
-1.373961
-3.881861
0
-2.519161
0.988139
0.524839
-0.830661
-1.928261
-0.667861
-4.683361
1.057139
1.626539
-1.447761
0.077439
-2.528861
-0.217161
2.957039
-1.271561
1.249139
1.233239
1.503239
-1.050061
2.632339
-1.864161
-4.248461
1.747239
2.198739
-3.887061
-2.865061
3.516239
0
0.273539
2.218239
-0.875461
-1.074861
-0.116161
0.272139
0.658439
-1.653761
0.567339
-1.768461
-1.403961
0.783239
2.368939
-2.545861
0.479339
-2.201661
0.690739
5.318239
1.510439
-0.678261
7.374239
-0.901761
2.474139
-0.974861
0.068539
-2.385461
-0.827061
-0.109661
1.339539
1.500039
0.597039
-1.331461
5.477339
-0.271261
2.845239
0.226539
0.389339
-0.995561
0.227339
-0.428961
-1.336061
0.064239
1.980839
1.451439
-0.904861
0.874439
0.141839
-1.064161
-1.481361
1.135039
2.588839
1.172239
-0.647061
0.691739
0.373039
0.215239
2.085239
0.515239
-0.474761
1.811539
0.205539
-1.812861
1.883439
-2.857061
-0.710961
1.606239
-1.237761
-1.715361
-0.568161
0.138539
0.689539
-1.035561
0.138839
0.454039
2.728139
-1.088661
0.598639
2.359939
-2.118161
1.129339
0.586439
-0.094361
10.146539
-2.753261
-1.002961
0
-0.799861
-2.880361
1.527239
-0.671761
-0.457161
0.054139
1.372739
-0.886261
1.147039
-1.171861
-2.278661
-2.629161
0.287139
0.896839
0.812939
-1.069461
0.056639
2.102039
0
1.093639
1.081339
-2.268761
-1.429661
0.206739
-0.545061
2.624339
0.201639
2.550639
-2.095061
0.638739
-0.890661
-0.678461
-1.641561
2.379639
-0.824461
-0.609561
-2.246361
-0.246961
1.579039
-0.318761
-0.169461
0.281839
-2.794861
-0.173461
-2.182961
2.271539
0.444139
0.903239
-1.390061
1.525239
-0.779661
0.287339
1.432339
2.390439
0.127939
-2.001561
-0.693361
-1.301261
0.439239
0
-1.007761
1.056139
-4.730361
0.858039
-1.283961
0.140939
-0.898461
0.222739
-1.225961
1.609539
0
0.381439
1.257739
-1.910461
-0.581361
0.546239
-0.742061
0.304439
0.706639
-1.860661
-1.405761
-3.244961
0.835539
0.658839
-0.860961
3.291539
-2.073361
1.239239
-1.593361
0.149239
-2.372061
-0.535561
0.326839
-0.105361
1.102539
-0.531061
0.838439
-0.104161
-1.976561
1.543339
1.604739
3.933739
-0.100061
-1.152761
0.963639
0.791839
0.946239
1.176039
0.768239
-0.409761
1.314139
-0.560961
-0.408261
0.683939
0.679039
-3.023761
0.457439
-0.493461
0.616239
0
-0.255961
-0.335661
-0.971561
1.102639
-1.286961
-0.982261
0.548139
1.108939
0.618339
-0.969261
-0.099061
0.300839
2.293439
5.748539
-2.745761
0.662639
-0.169661
0.357639
-0.244361
2.012439
1.087039
0.637339
1.140239
0.625539
-0.090361
-1.016361
0.268639
0.626439
-2.228761
0.563939
-0.091661
0
0.343439
0.053139
-2.040861
-0.387661
0.424639
-1.491961
-0.617061
-0.169561
0.056139
0.507539
-0.094061
0.130639
-0.542761
-0.094361
0.056039
-0.470261
-1.152061
-0.171961
0.133839
0.057239
-1.164161
0.135239
-0.558861
1.376139
-0.401461
-0.326161
2.444239
0.581939
1.250439
-1.125361
-0.317461
-0.692261
1.562139
1.092739
-1.485461
-0.539961
-0.916661
0.282739
0.808539
-0.840061
1.711439
-7.933361
-0.420761
-0.583661
-1.154561
1.047239
0.630239
-0.180461
-1.150061
-0.591061
-1.169561
-0.434761
0.231239
0.563639
-0.681461
0.647539
1.884839
0.549439
-0.099961
-1.474261
-0.429361
0.969339
4.548539
1.150839
-2.409261
-1.677961
2.069239
-0.255161
0.375139
-1.983061
-2.262761
3.341539
0
0.060139
-0.890761
1.499639
0.846939
0.058939
-1.189161
-1.439861
0.941639
0.060139
-1.445461
-0.421061
1.998639
-0.256461
-0.574261
1.496039
-1.040361
2.044339
-0.796761
-1.978361
0.060739
-0.099061
-0.578761
0.463139
2.700839
-0.097061
-0.175061
0.136939
-1.110361
-2.934861
-0.343861
-0.833461
1.130239
0.143139
0.061839
-0.585961
0.062239
-0.670061
3.174939
0.139539
1.327939
2.560939
-1.848461
-2.037761
-0.177661
-0.654061
-0.099061
-0.578761
-0.823061
1.439539
-1.856261
0.062239
-0.832161
2.521839
-0.578761
-0.260361
1.592439
-0.336361
0.060439
-1.529461
-1.471961
0.308439
0.960439
1.597639
0.935539
0
-1.595161
-0.739761
0.061439
0.222539
-0.340661
-0.503061
1.115339
-0.660161
0.464739
0
-0.340161
3.120939
-0.097261
-0.097261
-0.175561
0.842239
-0.174461
-0.174661
0.448139
0
0.445939
2.141339
1.944539
0.721539
0.863239
-0.748061
2.697439
-1.377261
-0.091661
0.343439
-1.825561
0.937439
0.418139
-0.672261
0.711339
0.343439
0.775639
-1.094461
-0.381461
0.562639
0.053139
-0.452661
-0.744861
0.419439
1.873139
2.195139
-1.137261
0.899539
1.381439
1.154839
0.458639
1.407439
-2.296461
-0.087661
-1.047961
-0.781461
-0.228661
1.100539
-1.541661
-0.862461
0.902139
-2.336561
0.484039
-0.090661
1.555639
-2.415261
-0.596761
-0.527561
-1.114061
-0.609561
2.282239
2.085339
-0.161261
-0.232661
1.407339
0
-0.511461
-2.068661
-0.307761
-2.045161
-0.093061
-0.462661
-1.652461
-0.773861
0.285039
3.847439
3.557439
0.685539
-0.299061
1.945739
-1.395661
3.958539
-1.562761
-1.177961
0.532539
1.078239
-1.715261
2.189239
-1.639661
-0.499561
1.911839
-1.304661
-0.361861
-2.219961
-0.863061
1.328339
0.890539
2.061239
2.358539
0.312639
0
-0.945061
-0.352961
0.583639
-1.017861
1.325839
-0.682761
-1.622361
0.523939
-0.289261
-1.034761
0
1.212039
0.994339
1.184839
-0.944461
1.982139
2.793139
-1.164161
1.718339
-0.651661
-0.464761
-1.042161
-1.052761
0.372439
0.175939
0.824439
-0.147861
1.527239
-0.653661
-1.040861
2.174339
-1.408061
2.477639
-0.643761
2.369239
0.042239
0.532939
0.468939
-0.869161
-0.509061
-0.757661
11.140139
0.817439
-3.005861
2.432339
1.205139
-1.448561
0.315439
-1.408861
-0.470161
1.339839
1.489239
0.476139
-0.402561
1.959939
1.005139
-0.872961
2.187539
0.402139
-0.438661
-1.914861
0.571239
0.674539
0.563739
0.876539
-1.376861
-1.448461
0.517939
-3.331161
2.301239
-0.289161
0
-1.101961
-2.701161
1.780639
0.533339
0.859939
0.961239
1.275339
2.110739
-0.071261
-0.279961
-0.123761
1.865639
0.083639
0
0.904839
-0.324361
-3.488561
-0.124861
1.303639
-0.541361
-1.278961
2.479539
-2.197561
-5.215361
-2.144461
1.695139
1.497739
-0.461861
0.147639
0
-1.905961
1.281739
-4.541761
0
0
0.039339
0.097739
-0.194261
0.565639
-0.367961
2.139539
0.951739
-0.245361
1.228039
-0.243161
-0.299761
-2.157561
0.613339
-1.162061
1.252539
-2.302261
0.857039
-1.582561
0.686739
0.097639
-0.952661
0.982039
0.680539
-0.656061
0
-0.660161
2.150939
-1.511661
-0.835061
-0.665461
-1.201861
-0.078961
-0.318561
-0.199361
0.883339
0.815639
-1.261061
1.657439
1.276439
0.387839
-2.624861
0
-3.170161
0.840239
2.050239
-0.376961
-2.053861
3.096339
-2.329561
1.193739
-0.378661
2.626639
-2.479661
1.362239
-0.967061
-0.138761
2.855139
2.134539
3.513639
1.741939
-1.371261
0.803239
0.524639
-1.749861
-0.074161
-0.184361
0.036039
1.193639
1.070139
0.573539
-0.554761
1.488639
-1.398461
0.572539
-0.393461
1.430139
-0.072061
-0.866161
0.141039
1.260139
-0.334961
-0.652761
0.405939
0.245439
0.772439
-1.589861
-1.136161
1.433239
0.829239
0.033439
0.085939
-0.544061
-0.652361
-1.824761
2.630939
-0.229861
-0.547161
0.777039
0.296839
1.030739
0.344439
0.239639
-1.103361
-2.159061
2.594139
0.344639
0.550539
-0.225161
1.425639
0.031739
-0.985061
-0.686561
-3.223261
1.742739
0.767839
-1.945261
2.422439
1.742539
1.101039
-0.371661
0.435639
-1.779761
0.748839
-1.492761
0.445039
-1.661861
2.747039
0.793439
-0.724461
1.046239
0.733839
2.073539
-0.458361
-1.195661
-2.201661
1.299339
2.583439
-0.506961
-0.999561
0.871939
0.128039
0.911739
0.029339
0.805639
-0.692861
-0.309861
-2.788861
-1.968161
-0.223061
-2.368461
3.485039
1.496739
-2.159561
2.117139
-2.011161
2.623139
-0.563761
-0.516961
-1.369861
-1.895461
-0.897761
-0.227761
1.078039
-1.259461
0.818139
0.240339
0.239639
2.923539
-0.420361
-2.536761
3.958139
0.378239
0.327239
2.150439
0.029139
-0.935661
-1.869161
0.030439
1.418639
0.371839
-0.457361
-1.877361
-0.268261
3.527339
0.511439
0.940539
4.448539
-0.883561
0.669239
-0.793961
-0.662261
0.073339
1.458939
-0.565361
-1.300661
0.861739
1.910939
1.468639
0.291839
1.486639
-2.026161
-0.108161
-1.667961
-1.469061
-1.214561
-0.298361
-3.192261
2.149539
1.160039
-1.277861
-0.869061
1.647539
1.948039
-0.662261
2.477339
-1.868461
1.221639
0.162439
3.424439
-3.216661
-7.937761
-4.884061
0.394039
5.536439
-1.676061
1.170139
1.841739
-1.317261
0.760139
-2.339161
0.475639
-3.022561
0.945339
3.097939
-0.165461
-1.483961
0.278139
-1.056661
5.921939
0.923339
-1.326361
2.346039
-2.653161
1.404639
1.103939
-1.916461
-1.245561
1.461239
-2.325061
6.435539
2.741039
0.201039
1.035339
0.154739
-0.322961
-1.717061
-0.649161
-0.520161
-1.406461
0.845739
-0.277461
0.239839
-0.318761
0.540439
-0.245861
0.001539
-0.483861
0.043039
-1.947661
-0.082561
-1.574261
-2.007161
2.272239
-1.605461
0.666939
0.997639
-0.597361
-1.343861
-0.674061
0.310439
0.473639
0.656439
0.392139
-0.116161
-0.407561
-0.539061
0.557939
1.962039
-0.040361
-0.528861
-0.680861
0.023839
0.646639
-0.765861
0.690239
-0.285961
-1.271161
-0.387561
-1.422261
0.653739
-0.588961
0.575939
-0.950361
0.732839
-0.787461
-1.490261
-1.040761
-0.189261
1.094239
-0.064061
-0.693661
-0.211561
-1.504561
0.268639
-0.386461
0.418539
-0.913761
-1.037561
0.600539
1.131239
0.405839
-0.350861
-0.053561
1.817839
-0.413761
0.252439
0
-0.549661
-0.178061
-0.735261
0.221239
1.214239
1.560239
0.036339
0.391539
-0.450261
0.502639
-0.195861
0.047239
-0.439361
-0.652061
0.573039
0.836239
-0.900361
-0.508061
-0.957161
-0.492661
-0.177761
-0.756561
-0.544861
-1.558661
-0.427561
-2.010961
0.267739
0.231139
1.348239
-1.332961
-0.149961
0.290339
1.191139
1.223539
-1.246561
0.871839
-1.425161
0.263739
0.909239
-0.054061
1.052439
0.326539
-0.455561
-1.149661
0.284139
-0.926461
-2.026461
0.064739
1.704339
-1.548761
-1.787561
2.048739
0.111939
0.004639
1.277839
-0.301061
0.404939
-0.722961
0.051739
0.405839
-0.465861
0.276039
-0.654861
0.324439
-0.574161
0.396439
-0.231961
0.668139
1.028239
0.656339
0.351039
-0.330361
0.246739
-0.422761
-0.308661
-0.460361
-0.065861
0.004139
-1.664061
-0.529161
0.636539
-0.338961
0.361039
0.572739
0.875139
1.123839
0.488239
0.164439
0.805439
-0.723361
-0.831361
-0.111461
-0.746361
-1.205161
-0.254461
0.063439
1.241839
3.996239
-0.634561
-0.829761
-0.825061
1.170939
0.625439
1.104439
-0.574761
0.260139
0.381939
0.380339
0.787739
1.274739
0.955039
0.077339
0
0.237839
1.241339
0.539939
0.610339
-1.092961
0.581539
-0.396261
-0.702661
0.679639
0.159539
0.169739
-0.794361
0.804339
-1.338561
1.721039
-0.144361
1.359239
0.588539
-1.626661
0.553139
0.870639
-0.880661
-0.246761
0.872539
0.001439
0.104139
-1.301861
0.344639
0.467639
0.588939
0.093539
-0.244261
0.801339
-0.141261
0.103039
0.265639
-0.861161
-1.093361
-0.225961
-0.330061
-0.455761
-0.123561
-0.729861
0.201939
-0.817361
-0.389761
0.831039
-1.915861
-0.126561
-0.685861
-0.657861
0.416639
-0.279461
0.013439
0.970139
0.551439
0.451839
0.449639
-0.825061
1.017839
0.002039
-0.442261
-1.538361
0.045539
0.562939
0.270239
0.793039
0.288239
-0.938661
-0.531161
-1.037661
-0.257461
0.567139
0.153539
-0.256261
0.758539
-0.426461
-0.568061
-0.062461
-0.852761
0.559439
0.219639
0.045839
-0.993061
0.407039
-0.584961
-0.818061
-0.890661
-0.664561
0.238439
-0.030361
1.120539
0.179739
0.355739
-0.502461
0.069139
0.752739
-1.047861
-0.151861
-0.849561
-0.655561
-0.648361
-0.968961
-1.617361
-0.541161
-1.395261
-1.118861
-8.316661
-0.084361
-1.545561
-4.616361
2.786039
0.223939
0.519839
1.079839
2.128539
-1.498761
0.600039
0.151039
-0.071461
0.778539
-2.068961
-0.337061
-0.391161
-2.259761
-0.046461
-0.919861
0.724439
1.593739
-0.086461
2.767239
1.028539
-0.991161
0.111739
-0.934061
0.231439
1.480839
-0.071061
-2.029561
1.688339
0.644539
-2.035961
-1.061561
0.034139
-0.338961
0.154639
-0.232661
0.355339
-0.232361
1.863639
0.963839
-0.875761
0.190339
-0.202061
1.054039
-2.375761
-1.875661
-0.194861
1.902839
-0.776161
-0.728361
0.614239
0.141539
1.344639
2.051839
2.462139
-0.447961
1.348639
1.742439
1.171739
-0.067661
-0.711061
2.291039
1.056139
-0.255561
0.028239
-0.303361
-0.114161
-0.316361
-0.102661
-0.424861
-0.055061
-0.162961
0.881139
-1.137361
0.269539
0
0.148739
-1.791661
0.761139
-0.587761
0.358039
-1.473661
0
-0.203661
1.964839
-0.212461
-0.709261
-0.884661
-0.289661
-0.906961
1.175139
-1.002661
0.080139
-1.358761
-0.119761
1.944139
-0.068561
-0.241461
0.772939
0.029939
-0.915061
-0.353561
-0.603161
0.380839
-1.139561
-0.938161
-1.467661
0.818939
-0.287661
-0.775561
0.730139
1.916939
1.062639
-0.193361
0.267539
-0.441761
-0.381161
-0.169461
0.984639
0.912539
2.368539
-1.221261
-0.006961
0.163339
0.272239
1.058439
0.807339
-1.207261
0.173239
0.148839
-0.150961
-0.582961
-0.718861
-1.100461
0.545839
-0.373361
-0.668761
2.213739
0.137739
0.715739
-0.569361
-0.391961
1.369039
0.647539
-0.243861
1.367739
1.161739
0.385239
0.993639
-0.566061
0.782739
0.901439
0
0.329939
-0.030361
-0.243661
0.329539
-0.646861
-0.267361
0.783739
-0.490361
-1.394261
-0.624861
-1.180461
-2.636661
-0.712061
0.462039
-0.210661
-0.750861
-0.357461
0.756739
0.101139
0.293239
-0.606161
0.041039
-0.789861
-0.261861
-0.189461
-0.153161
0.651939
2.950539
-1.455261
0.386939
0.099739
-0.731961
-0.497761
-0.223561
0.944739
-0.866461
-2.101261
0.042339
-0.707061
0.055039
-0.253961
0.352539
0.733739
-0.423461
0.768039
-0.885661
-1.570361
-0.594361
0.408439
1.170539
-0.514161
1.137539
-1.113461
0.788939
-0.315161
0.055039
-0.266361
-0.279361
1.036739
-1.432761
-0.143861
0.642539
-0.502861
-0.442861
0.030939
0.005839
0.030839
0.343339
1.039539
-0.167061
0.659639
0.422139
1.140339
0.584139
-0.630861
0.499739
0.316939
0.256039
0.744439
-1.499361
0.173139
-0.355061
-0.801561
0.830039
0.065039
-0.896561
0.696239
0.450339
0.843639
-0.446861
-1.606061
-0.479861
-1.164061
-0.524361
1.504039
-0.433861
2.026439
-1.759661
0.176339
-0.458061
0.531939
0.662839
0.803339
0.616739
-1.855161
-0.152761
0.211939
0.320539
-0.345661
1.012039
-0.487461
0.391039
-0.415661
-0.549961
-0.104061
0.587739
-0.899861
-1.102461
-0.769761
-0.490261
-0.343061
-0.256561
-0.081761
0.432039
0.742039
-0.749861
-0.343561
0.969539
-1.469161
-0.597661
0.866239
-0.783961
-2.697661
0.759739
-0.804961
-0.136061
0.994739
1.074639
-0.795661
-0.378361
0.392839
0.378339
-1.436761
-0.135761
0.045739
-0.693161
-0.110461
1.326239
-1.011561
1.542939
-0.339561
0.392339
-2.157761
0.307939
-0.280061
-1.313761
-1.661961
-0.921661
0.157539
0.740639
2.418239
-0.794761
-0.840561
1.490339
-0.150761
-0.098261
0.402839
1.044539
0.565539
-1.659761
0.217239
-0.006061
-0.569361
-0.532961
-0.270761
0.060439
0.445139
-0.362461
1.570639
0.502439
2.588539
0.334839
0.648639
-0.795161
-0.435361
-0.373861
0.883339
0.610739
0.531639
1.325439
-0.240261
-0.326961
0.524239
-0.707061
-0.724161
-1.115361
1.567739
0.315539
1.648939
-0.104261
0.297139
0.550739
-0.863161
-0.469061
1.874039
-2.188861
-0.509261
0.953639
0.590639
-0.516161
-0.140961
-0.080161
-0.104561
-0.287861
1.756739
-0.235761
0.246139
1.015239
0.207039
0
0.586639
1.610139
0.712739
0.257639
3.281539
0.025339
0.670839
1.174439
-0.095661
0.352439
-0.334961
-0.871261
0.796139
0.887939
-0.593161
-0.149861
-0.313661
1.282639
0.142839
-0.191661
-0.202761
-0.733261
0.318639
1.305939
-0.212061
0.367439
0.344639
-0.616161
-0.201461
0.453539
-0.200961
-2.054561
-0.128461
0.166939
0.417939
-0.748061
2.457539
1.018139
-0.400161
0.097739
-0.411861
-0.253561
0.493439
0.671439
0.603439
-0.082061
0.127739
0.567639
0
-0.112861
-0.707261
0.411239
1.590739
-0.255761
0.166439
0.104339
1.050039
-0.924461
1.500039
1.163839
-1.198361
-0.261861
0.680239
1.470639
-0.812661
-0.589061
-3.317261
0.958239
-0.050061
0.310439
0.093739
-0.080661
1.099339
0.823139
-0.240561
-0.170461
0.152539
1.200939
-0.547161
-0.329661
0.061239
-1.093261
0.011239
-0.313361
0.906639
-0.301461
0.051639
0.344539
-0.280861
-0.614561
-0.800861
-0.858161
-3.063261
-1.104761
-0.740061
-1.503961
0.981939
2.148339
0.130139
-1.019761
0.281939
0.870639
-1.506761
1.113439
-0.349761
-0.233161
0.774439
0.523439
0.890939
-0.197461
-0.187261
-0.050761
-0.303361
-0.515261
0.309739
-0.346961
0.988739
0.915639
0.095339
0.303039
0.084439
-0.184761
-1.366861
0.516739
-0.792661
1.297639
0.958139
-2.407961
-0.557161
0.288439
0.646939
3.425839
2.996339
-0.571061
0.248439
1.008839
0.920039
-0.939961
0.548239
0.136439
0.175139
0.106839
1.036139
0.268239
1.222739
-0.406061
-0.720161
0.972939
-0.548161
2.525739
-0.898861
-0.336761
-1.068861
-1.563061
1.164139
0.674839
0.943939
-0.327761
-0.075461
-0.310161
-0.386261
-3.259861
-0.614761
1.228339
0.126339
-0.871661
0.743039
0.688739
1.174839
0.209239
1.091639
-0.488661
0.546839
-2.045461
0.612739
0.199639
0.075739
0.474039
-0.679861
-0.247161
1.475939
1.360039
0.887839
-0.074161
-0.331161
0.413539
0.145839
-0.641461
0.956939
0.993039
0.260739
4.284039
-0.925461
1.348339
-0.199561
1.642239
-1.348561
-0.800061
-0.970561
-3.398461
1.237039
1.042939
-1.202561
1.768339
-0.335261
-0.503661
-2.010661
1.705739
0.042939
-0.604761
-0.750961
-1.403661
1.083939
-1.534061
-0.183961
0.861239
1.299039
1.586939
0.157439
-1.288561
2.275439
0.679139
1.124939
1.266339
-0.281461
-0.239761
-1.779061
0.197239
1.319339
-1.169561
-0.062261
-0.726361
-0.548961
1.823339
0.015139
0.143739
-0.087661
-0.472961
0.204539
0.658939
0.330339
0.057339
1.024939
-0.582061
-1.675161
-0.629161
0.508139
1.244839
0.430839
0.251339
-0.499661
-0.222461
0.167539
1.311039
-3.213161
-0.865561
-2.214261
0.951639
1.136339
-1.527661
-0.143061
0.796339
0.921639
-0.611461
1.733339
-2.146261
0.807939
-1.057661
-0.221961
-1.865961
-4.493461
-5.541761
1.177839
3.746239
-1.757561
0.135539
1.129439
-2.471661
1.154739
-1.179461
1.771139
-2.018161
1.804939
3.390239
0.101939
-2.177261
0.598839
0.736739
1.415739
1.404639
-0.784861
0.467739
-2.213161
1.364139
-0.286561
-2.246961
-1.191561
1.683739
0.761539
1.567539
2.011339
0.521139
-0.099761
-1.776061
0.427939
-1.826761
-0.906961
-0.487361
0.860339
0.224139
0.789939
0.301839
0.500839
0.378739
-1.386561
0.081339
-0.902361
1.236439
-0.139161
-0.219361
-1.283161
-1.218061
1.400039
-0.404461
1.752039
1.641139
0.886039
-1.852261
-1.469261
0.363839
-0.039261
0.924839
-0.417061
2.497839
1.188939
-0.481261
1.122039
-0.956261
0.810939
-6.1E-05
-1.033661
-0.367261
1.009339
-1.671061
-0.507461
-2.040761
0.341439
-0.258661
-1.559761
-0.161361
1.039039
-0.985761
-0.405461
-0.080361
-1.101661
-0.556061
-0.185261
0.958139
0.557439
-0.449161
-2.322261
-1.681961
-2.823061
0.597439
1.337839
-0.774961
-0.693661
-1.749761
0.627339
-0.351361
0.603039
0.113339
0.069039
2.448839
0.066839
-0.062161
-0.212661
0.713139
0.536739
-1.443761
0.390639
2.086139
0.128139
-1.174661
0.618439
-1.307461
0.579939
0
0.108439
0.872939
-0.692861
-0.421861
0.512839
0.404239
-1.368261
-0.617461
-0.427561
0.347739
-1.029961
-0.605761
-0.696561
0.376839
-1.027261
-0.329061
-0.307861
0.871739
-0.460661
-1.992561
-1.353661
0.829039
0.117239
-0.268861
1.482839
-0.669361
-1.147561
0.186239
0.459239
0.366239
-0.448261
0.502539
-0.650961
0.798239
-1.302961
-1.479361
0.629139
1.614139
0.365639
-1.033861
0.231439
1.707739
0.851939
1.043739
-0.413561
1.058739
-0.302061
0.199039
0.808339
0.326439
0.540439
-0.682661
0.347139
-0.298261
1.207939
-0.401961
0.770739
-0.845261
0.258539
0.598539
-0.527161
0.385139
-0.464161
0.406539
-0.506661
-3.320561
0.531539
-2.801161
-1.145761
0.596139
-1.242261
1.585939
0.861039
-1.316661
1.680739
-0.331161
-0.488661
0.475039
0.025539
-0.465961
0.654039
-0.152861
-1.559361
-0.948661
0.530039
0.618039
-1.443861
-0.707361
-0.804561
-0.927161
0.027839
1.765739
1.388339
0.686139
0.229339
-0.154361
1.312339
0.849439
1.747239
0.067639
0.240939
-0.105661
-0.365361
0.436839
1.731839
-0.868961
-1.347661
0.263139
-0.603861
-1.674561
0.025139
0.069439
0.666539
-0.238861
-1.031961
-0.486261
2.640039
-0.410961
-0.259561
1.119939
-0.387361
0.611239
0.304839
-1.160461
1.854039
0.194639
0.919639
-0.568761
-0.933061
0.131039
1.051739
2.354239
0.891639
-0.921761
0.063639
-0.722361
0.022539
0.293139
0.167639
-0.868561
1.234539
0.950739
-0.591361
-0.656361
-0.267361
-0.330261
-0.996861
-0.208261
1.370039
-0.289061
-0.581161
0.315739
0.877939
0.291039
-0.080961
0.145839
-0.389861
1.365739
0.857539
0.385039
-1.085961
1.262639
-0.119561
-0.521861
-0.625461
-0.425861
0.838339
-0.322761
0.285439
-0.464461
-0.791861
-0.490461
-1.295661
0.877639
-0.184561
-0.060561
-1.179061
0.316139
0.502939
-0.351561
0.877239
0.125439
0
-1.236361
0.544739
-0.766861
0.880639
-0.890161
-0.918761
-0.293561
-0.844761
-2.345761
-2.903761
0.003339
0.138339
0.542339
-0.957261
1.266039
0.025339
-0.731261
-0.086361
0.765739
0.448139
0.667439
-0.151161
0.443439
1.822539
-1.396961
-0.914161
0.751739
0.986339
0.283839
-0.493761
0.284339
0.088939
0.973939
-0.361161
0.903239
-1.846961
1.647839
-0.934861
0.561139
0.344039
-0.210761
-0.637761
0.538939
-1.022361
0.670839
-0.640161
-1.096561
1.919439
0.750039
1.210739
0.190339
-0.102761
-0.437561
0.211939
-0.564161
-0.166661
-0.230261
-0.378761
1.275639
-0.040161
-0.333561
0.254139
-0.082061
0.169639
-0.165761
-0.103061
-0.103161
-0.418361
-0.040261
0.276239
-0.187461
-0.208761
-0.124761
0.234439
-1.199561
0.130139
-0.402561
0.515339
-0.529561
-1.194861
-0.170561
0.630739
-0.363561
-0.083961
0.499539
-0.879161
-0.257761
-0.584361
1.642439
-0.191161
-3.078161
-1.352461
-0.447061
-0.154861
0.592439
0.228439
0.138039
-0.490061
-1.213161
-0.839961
0.440639
0.827539
-0.064561
-0.314261
-0.679461
-0.775561
0.673639
-0.707261
0.465839
0.233639
0.370539
0.780139
-0.109761
0.230239
-0.132261
0.071439
-1.467161
-1.189961
0.491839
-0.412061
1.001739
-0.662261
1.159739
-0.156261
0.369739
0.938039
0.342039
-0.064161
0.363339
0.877539
0.180839
-0.285261
0.092039
0.913539
-0.217161
-0.482161
-0.750061
0.784039
0.113639
-0.350761
0
0.180439
0.998939
-0.282061
-0.041161
-0.392661
-0.173561
0.334239
-0.063161
-0.415561
-0.969861
-0.465561
0.249939
0.696439
-0.529861
-0.800261
0.948039
-1.244361
-0.086861
1.650939
0.247239
1.043539
-0.544861
1.059939
-0.280561
-0.849261
0.311239
-0.238661
0.310839
1.801039
0.346939
0.452939
1.924439
0.546539
0.480839
-1.221461
0.043739
0.505039
0.961239
0.187439
0.826039
0.839339
0.345639
-0.463461
-0.445161
-1.119161
0.598739
-0.182961
0.144839
0.062739
-0.407761
-0.429861
0.826239
-0.489461
1.542039
0.385339
-1.106961
0.530739
-0.424261
0.062239
0.102739
-0.181561
0.082439
-1.217361
-0.389161
0.207739
-0.122061
1.546839
-1.865361
0.476939
0
-0.492261
0.290839
0.887339
0.082939
-0.243561
-1.020761
-0.163661
-0.887661
-4.712561
0.659339
0.002539
0.459039
1.668039
-0.316961
-0.125861
-0.531761
-0.555861
-2.501361
-0.284761
0.224939
-0.284861
0.668939
0.928839
0.352139
-0.628361
0.944039
0.262739
0.391639
-0.449861
-0.170561
1.518639
-0.189761
0.087639
-0.168561
-0.895561
0.325939
-1.050761
-0.301461
0.351039
0.653439
0.584239
-0.426161
1.056339
-0.338361
0.706739
-0.379461
0.640239
0.171039
-0.040261
-0.398861
0.933839
0.190639
0.064539
-0.374761
-0.103161
0.043839
-0.753961
-0.124961
0.361939
1.668239
0.084539
-0.868761
-0.416261
0.547339
-0.978861
0.254739
0.926239
0.605139
0.249739
-0.534861
0.125939
-0.619561
-0.039961
-1.144161
0.591839
0.818539
3.719139
-1.000161
0.263939
0.484839
-0.961961
1.985739
-0.436061
0.359639
-0.118461
-1.649361
-1.009461
1.042239
0.041439
-1.452361
-0.223961
0.124439
0.062839
-0.653861
0.248739
0.823439
0.999839
-1.128661
0.552039
1.055939
0.602939
-1.056261
0.262939
0.362639
0
-0.379561
-0.903261
-2.289561
-0.869561
1.821839
-0.676561
-1.135761
0.378139
0.730639
-0.432661
-0.911861
1.153839
-1.137161
0.169239
2.091639
-1.267661
1.473039
0.062539
0.511339
-0.404761
0.510539
0.507839
-1.571561
-1.985161
-0.624961
-2.499161
0.304139
1.484639
-0.315461
-0.401261
1.110139
-0.040261
0.149439
-0.482061
2.136839
-0.060561
0.394839
0.413739
-0.532261
0.042739
-0.575861
0.146739
-1.012761
0.273539
-0.707061
0.148739
1.426739
0.228739
0.063239
0.042639
-0.245461
-0.163561
0.311239
0.269039
-0.183361
0.967639
0.265839
0.508639
-0.362461
0.021339
0.082139
-0.605961
-1.199661
0.331039
0.391339
0.123939
0.613639
-0.039461
-0.222061
0.794039
0.202639
0.383239
-0.319761
-0.521661
1.152539
0.280339
-0.536761
-0.099161
-0.539861
-0.381561
1.193239
1.857439
-0.097561
0.098539
0.039639
-0.528161
-0.884961
-0.416161
0.379439
-0.475661
-0.218561
0.260539
-0.656761
0.061039
1.403439
-0.315461
0.773439
-0.097761
-0.943861
-0.495761
0.060639
-0.158761
-0.717861
-0.320761
1.251239
0.498539
0.159139
0.059939
0.020339
0.099339
0.099239
-0.570861
0.357339
0.257239
-0.156961
-0.255661
0.296939
-0.925161
-0.853961
-0.680661
0.586139
-0.560661
-0.442661
1.236439
1.000839
0.515339
-0.156961
2.228939
1.967339
-1.210561
0.114839
1.490739
1.788439
2.514639
-0.397961
-0.145861
-0.744361
-0.402661
1.025739
2.321139
-0.958661
-0.341261
-0.827061
-0.363061
-0.545861
0.492039
-0.891061
-0.825461
0.054739
0.368539
0.698039
-0.712961
0
0.183039
0.311139
-0.366661
0.604839
-1.660561
1.352939
-1.134961
0.369339
1.565539
-0.744761
-0.147061
0.145539
0.346139
0
-0.947261
-1.929561
0.037039
0.504939
0.855939
0.036239
-0.222061
0.147239
-0.831161
-0.316861
0.316739
-2.046361
-3.967561
-0.473661
1.390439
-2.192261
-1.460061
2.681339
-0.730861
0.538339
-0.355761
0.040439
-3.216161
0.657739
2.120239
-1.216061
1.050939
1.139439
2.725739
-0.384361
-0.250661
-0.367161
-0.950461
-0.214961
0.844239
-0.135861
-0.584061
0.686039
-0.116461
0.389739
0.000239
1.570639
-1.164161
-0.308761
-0.115961
2.558339
-0.774861
0.856539
0.169539
0.602439
-0.599461
-0.584061
1.855439
-0.465261
-0.373861
0.449239
1.062539
0.165339
-0.663761
0.240339
-0.407361
-0.316161
0.725439
-1.719061
-0.188361
-0.489861
-0.151561
3.996739
-0.219461
0.345839
-0.310061
0.418439
-0.146261
-0.164561
0.326739
-0.400161
0.508939
-1.305361
0.017539
-0.679561
-0.480861
-1.076661
-1.537961
1.523139
0.243339
-1.646261
2.034039
-0.037761
0.558439
-0.056261
0.536839
-1.530361
0.392539
-2.348661
-1.392961
-1.063861
1.271139
0
-1.022861
0.663239
0.406839
-0.713361
0.369139
-0.212561
-1.181961
0.784739
2.762439
-0.624761
-0.647461
0.498139
-1.658461
-0.930061
-0.801461
0.237139
-3.066761
-0.221961
-2.864161
-1.776161
0.449239
-1.332961
0.582039
0.813239
-3.236761
5.733239
0.477239
1.833039
-5.252561
0.194039
-0.997861
-1.909961
-0.128661
4.234339
2.630639
-0.879661
-0.701161
0.750739
-0.184361
0.291039
-1.483061
-3.471761
1.736339
-1.552661
1.386839
0.684739
-2.582161
-0.758261
-0.413361
-0.414961
1.548139
-0.562561
1.292039
0.584839
-1.327061
5.064439
-0.225861
-2.235861
0.637639
-1.955561
-0.620161
0.499039
0.689739
-0.467161
2.230639
0.274239
0.043539
-0.562061
1.387539
-1.054361
-0.395761
-1.027161
2.484039
-0.950461
-3.424261
-3.154961
-0.309361
-1.877661
-3.373061
0.571039
-0.418161
-1.480061
-1.429961
3.376439
0.121539
-1.377761
-0.517861
-8.109861
-2.044561
-4.869461
-2.303261
-4.779661
-1.545661
0.588739
1.400739
6.921539
0.370839
-4.070261
-1.696461
-5.901561
-1.894161
-2.152961
3.137339
-3.173761
-1.256961
6.478239
0
3.108739
-0.739861
-1.561761
3.483139
1.939839
-0.135561
1.321539
-4.448261
-5.315561
-1.480861
-1.018861
0.208839
-1.286661
-0.578761
-1.078461
1.151839
2.427939
-1.729961
-2.941961
-0.932561
0.492939
0.339739
0.171539
1.289439
-0.653261
0.784439
-0.816361
-0.350061
0.810839
-1.148061
-0.352161
-0.377161
1.753339
0.145539
0.497739
-0.837261
-2.564561
1.625339
-0.613961
0.674939
0.384939
0.501639
-2.280161
-1.368561
-0.458861
-1.638361
0.354939
1.198239
0.839939
1.100339
0.077139
-0.187461
0.920139
0.792139
-0.161161
-0.706561
1.293439
1.535639
-0.691861
1.101839
0.858439
0.392939
-0.315561
-1.002461
-0.827461
0.795739
-0.781261
0.073939
1.701339
-1.459161
-1.364261
0.004339
2.636539
-0.385461
1.060839
-0.382861
-1.342461
-2.793761
1.288839
0.919839
-0.647061
1.244539
-0.527561
-0.855361
-0.229961
0.286039
-0.323361
0.450339
2.364039
-0.635361
-0.432461
-0.295861
1.021339
0.163939
-0.544561
-0.432461
1.433439
-0.269161
-1.021661
1.200639
-0.314761
0.505339
1.455439
0.070239
0.449939
-0.574961
0.360939
1.228039
-0.437061
-2.272261
0.274639
0.408939
-0.378161
0.386139
0.272339
0.830539
0.579539
-0.129361
0.267639
-0.041161
-0.525361
0.533839
-0.327161
1.106139
0.133539
0
-1.609561
0.467839
-0.173361
0.002939
0.157339
0.861739
0.461039
0.567439
-0.127161
1.364639
-1.405361
-0.905861
-1.568361
0.956039
-0.611761
-0.372461
-1.282161
0.788739
0.359339
-1.638161
0.995239
0.605739
0.335639
-0.593761
-0.330361
0.738939
0.113639
0.400739
-0.701361
2.130139
0.718339
1.143639
0.151139
0.172039
-0.188861
0.851839
-0.250861
0.255239
-0.082361
-0.103461
0.233839
1.705339
-0.349961
2.635939
-1.292161
-2.270461
0.127439
0.252639
1.169339
-0.802161
0.354639
1.139539
0.042239
0.798539
1.420439
-0.598861
0.181839
-0.119461
-0.862661
-1.821861
0.455239
0.617239
-0.569961
-0.921761
1.140039
-0.141961
-0.244561
0.206739
1.169139
-0.910061
-0.713761
1.235739
-0.831861
-0.818061
1.715339
1.848139
0.379339
-0.455761
-1.733361
0.710939
-0.039261
1.511239
-1.685161
-0.362061
1.174939
0.080839
0.640139
1.032839
0.550439
0.547239
0.291539
-0.561261
-0.252761
-0.214261
-1.935061
0.180139
-0.277761
-0.896661
0.624739
0.580639
-0.356961
1.017739
-0.038861
-0.315261
-0.830861
-0.617961
2.510939
1.214639
-0.792961
1.306639
-2.116561
0.314939
0.137539
-0.214761
0.431539
-2.301661
-0.697961
-0.541761
1.253839
-0.677561
0.362439
-0.279261
1.465339
-0.098261
1.009539
0.822839
-0.892961
-0.665561
-0.571261
1.348839
0.372039
0.701639
0.077539
-0.946661
0.624539
3.217239
1.219839
1.074839
1.393139
0.179839
0.666739
-0.449461
1.421239
-0.427361
1.264039
0.139239
2.721539
-0.617661
2.182839
-1.971661
1.989439
2.858639
3.465239
0.059839
-1.930361
0.914839
0.571139
0.805539
-0.915761
0.139539
-3.680061
-0.710061
1.107239
0.357539
-1.536761
-0.118561
1.971239
1.867339
-0.817261
-2.030461
-1.349161
-1.833061
-0.205561
-1.071961
1.645539
0.588539
1.574839
0.146039
-0.991961
1.379439
-0.101261
-1.399561
0.447439
0.213039
-2.137361
-0.695361
-4.376561
1.867339
2.391339
-2.560561
3.726039
0.217039
0.889639
-1.169961
-1.520761
-4.095861
1.820139
1.225839
-2.166761
1.272839
0.976839
-0.365161
0.692639
-1.363761
0.085639
-4.330561
-2.062161
-0.670961
0.936839
-0.409061
2.180239
-1.514661
1.350939
0.510539
1.143639
0.950639
1.012539
-1.075461
1.671239
0.278339
-0.315761
0.768239
-0.279561
-1.272461
2.995139
-0.121861
0.100739
0.151939
1.176439
1.449239
1.261639
-0.084861
-2.221261
0.249739
-1.108461
-1.493261
1.958439
-0.373261
-1.119161
-1.678961
1.442439
3.119239
-1.731861
0.674439
-0.220761
0.940439
-0.152561
-0.236261
-1.976961
-0.753061
-0.036361
1.064239
0.355139
-1.900561
2.761939
0.720339
-0.586361
0
0.651939
-2.102461
0.797839
0.960039
-1.373461
-0.832761
-0.753961
1.289139
1.017339
0.720839
1.733739
0.144939
-1.051061
-2.253561
-1.525861
-0.139461
1.202639
0.405839
-0.137661
-0.222561
0.490339
-1.320261
-0.002061
0.306039
2.181839
2.952439
-1.640461
0.607039
0.635939
-0.279461
3.080339
-1.095061
-1.058861
0.950639
-0.035161
1.966139
1.440839
-0.173861
0.662739
-0.003761
-1.788961
1.187139
0.011839
0.104639
0.135439
-1.963561
-1.671661
-3.123661
-2.661561
-0.663761
1.739439
-1.864761
1.519339
-0.793561
-1.342561
0.806139
0.356039
-4.368461
1.526139
-3.465061
0.288839
2.653739
0.596539
-1.767461
-1.086761
1.257839
-0.321061
0.443939
1.718439
2.054739
-1.163061
-1.400861
0.453739
0.207439
-1.845261
0.104839
0.210839
-0.407461
1.309939
0.330639
1.497039
1.903539
0.469339
0.332839
0.381739
-2.298361
-0.700161
-0.550561
2.255539
-0.490961
0.725739
0.283339
-1.141661
0.658539
-1.567461
0.596239
0.320639
1.335439
-0.637261
-2.422961
-0.639161
0.379439
-0.588861
-0.887261
0
-2.173261
0.661039
-0.036961
-0.143661
4.075539
0.151839
-0.514261
1.954039
-0.069661
0.755239
0.665739
-1.064461
2.210839
0.915739
-1.416661
1.332239
-1.596361
1.087739
-0.411361
-1.249461
-0.450961
2.216039
2.950339
-0.589561
-1.294061
0
-0.923161
0.925639
-2.310561
-0.283361
-0.797461
-0.836961
0.266939
-0.103061
0.333439
0.800739
0.478739
0.327639
-0.842061
-0.732761
0.966939
-0.846661
-0.937061
1.614639
0.826039
0.194439
-1.659061
-0.235861
-0.253061
-1.342261
0.422139
0.758139
1.942639
0.326139
0.996939
-0.976361
-0.657961
0.079739
0.524339
0.308439
-0.149761
0.177039
-0.573861
0.522239
-0.280261
-0.444561
0.260139
1.160539
0.644839
-0.131761
-1.243161
0.975439
0.077739
-0.890161
0.143539
0.776839
2.382139
1.176939
-0.610161
1.670439
-0.926861
-0.733361
-1.348361
-1.096861
1.038239
0.519839
1.951839
-1.410861
-0.740461
1.070739
-0.472261
0.341839
-0.112961
-0.676661
-1.941661
-0.404761
-0.083661
-2.891961
-0.501061
0.915839
0.526739
-0.660861
-0.499361
2.343539
0.078339
-2.260161
1.160239
0.309239
0.864539
-2.614461
0.563639
-2.635061
1.255939
-1.311761
-0.971561
-2.749261
2.010839
2.264539
-0.560461
-2.417161
0
1.148339
-0.174161
0.205139
1.220039
1.391939
2.445239
2.026039
-1.654561
1.284839
0.624439
1.451639
-1.011761
0.299139
1.471939
-0.034761
0.137139
1.276339
-1.405861
0.933939
0.058239
-0.653261
-0.517261
2.217639
0.562239
1.289039
-0.214361
0.778239
1.085339
0.630339
0.420839
-0.179761
0.448839
0.766939
0.038639
0.009739
0.053039
0.543239
-0.707561
-0.827861
-1.649661
0.735639
1.479039
1.037239
0.525039
-0.845261
1.546239
-0.429261
-0.487761
-1.003461
-1.618361
-0.941561
0.616239
0.538839
-1.917561
0.740039
-1.319161
-2.818161
-0.388761
1.000939
-1.013661
-0.111861
2.533039
-1.225761
-2.141261
1.025939
0.181539
0.211939
2.086539
1.034539
0.472439
-0.552761
-0.168161
-2.392261
1.815439
1.046739
0.277939
-1.455761
0.957539
-1.016161
1.664339
1.089439
2.071439
-0.620661
-0.364961
0.790439
-0.277261
0.512839
-0.062061
1.583339
0.839839
-0.242561
-0.886761
0.799539
-0.523261
0.163739
1.329339
1.034239
-0.540361
2.186839
0.628339
-0.273861
-0.005761
0.007739
0.450939
-2.866761
0.545039
-0.908561
1.306239
-0.673161
-0.746061
0.105139
2.312839
2.502439
1.006739
0.488539
0.719139
0.353739
-2.261061
-0.805461
-0.296561
-0.204561
1.161839
1.436539
1.751739
-1.835461
-2.334861
1.940839
-1.201161
-0.295161
-0.625461
0.829539
1.177439
0.461639
-0.924361
-3.307661
-1.894761
0.695939
-0.824761
-0.789961
-1.545061
-0.033261
2.347739
-1.436761
1.139539
-0.709161
2.162639
-0.875961
2.161939
0.531239
-1.861661
0.103239
-0.576161
1.606539
-0.408961
1.303339
0.593539
0.152939
-0.296661
-0.907061
0.876639
-0.337161
-0.843361
1.120239
0.179639
-0.363061
-0.085561
-0.576961
-0.139361
0.382039
0.167339
0.220139
-4.753861
-0.227961
-0.981761
-1.399661
-0.062061
1.438439
0.882239
0.273939
-1.035161
-0.370661
-1.373761
1.568639
-0.483861
-1.193261
1.755839
1.246639
1.689139
1.523939
0.868439
0.580639
0.298839
-0.217261
0.880739
-1.055361
0.921839
0.821139
0.384439
0.123539
-0.563061
0.983439
-1.050461
0.788439
0.006639
0.962639
0.275039
-0.274261
-0.965461
2.950139
-0.721261
-0.776761
1.660239
0.769139
-0.255061
-1.238661
0.333539
0.181739
1.058239
-0.180261
0.328439
0.661239
0.030039
-2.512361
2.298539
0.005439
-0.166861
0.375239
0.410539
1.765639
0.377139
-1.000161
0.246639
-0.874661
1.475739
-1.084861
1.651139
-1.007261
1.243339
0
0.028339
-0.778761
-2.004361
0.859339
0.440439
-1.295361
1.627139
1.684539
1.361039
0.469539
-0.621261
-3.537361
1.767839
-2.130661
-0.200961
-0.686861
2.009639
0.124539
0.315739
1.101439
0.617439
-0.253461
1.507339
1.114339
-1.094161
0.894139
2.650139
0.773039
-0.716561
-0.699161
2.293139
1.231539
-0.398361
1.612339
-2.801661
2.127439
-4.933461
-3.011361
0.471539
-1.042261
0.814839
-0.788061
-3.658561
1.759639
2.566439
2.547939
-4.911061
1.069339
-1.900561
0.234139
-1.751361
-1.267761
4.282339
0.444339
-1.651761
0.497939
0.184239
2.297239
-0.684361
-2.509761
2.667539
0.180339
0.367239
1.730539
-0.030661
0.290439
-2.007961
-1.057061
2.431939
0.797539
1.087539
0.037239
0.646239
2.781639
0.373139
-0.051761
0.219739
-0.647461
0.231539
0.426639
0.630439
-0.460161
1.482539
-1.839261
-1.005761
-0.468061
0.464739
-0.763461
2.175339
0.477239
-0.523861
0.865839
1.414339
-0.103561
0.044139
0.244539
-3.080661
-1.354061
0.464839
0.834739
-0.626961
0.679739
1.499139
-2.657761
0.913439
-3.813061
-0.663261
-0.326261
3.083739
-3.537661
2.526739
-2.893261
-2.678961
2.748739
-0.675261
-2.127861
0.702839
-1.182461
4.391739
-0.907361
1.416939
-2.975361
0.797839
1.763639
0.742939
0.624239
-0.366861
-0.840761
2.023539
1.671239
0.046439
0.560039
-1.920761
1.797439
0.851139
-1.680061
-1.433961
1.682939
-0.008261
0.746439
1.391839
0.227039
1.208639
-1.221561
1.400739
-1.398061
0
-0.410961
-0.923761
-1.269361
1.307239
-0.356361
-1.272861
-0.140061
-0.826261
-0.853161
2.052639
-0.883261
0
-0.302961
-2.844961
-0.186561
1.552539
-3.774061
0.366739
3.525539
-0.905961
1.416539
-3.137061
-0.082661
0.235039
2.706939
-0.492361
0.642239
-0.327161
-0.142761
0.640739
1.517439
0.505439
0.442539
-1.118061
1.031339
-0.139161
-2.721361
-0.965461
-0.268361
-0.435561
1.130739
-0.370561
0.146739
0.871339
-0.655461
-0.804161
0.709539
-1.858761
2.760339
-0.900161
2.357839
-0.665261
-0.303661
-0.426761
-2.249561
-2.007461
1.390239
0.401939
-1.046661
0.531639
-1.536261
0.537139
0.044639
-0.338061
2.071239
-0.625061
2.167139
1.647139
0.021339
-0.888861
-0.080361
0.817939
-0.727761
0.796539
0.162839
0.849039
0.100939
0.620539
-1.171361
0.784739
0.957739
0.434939
-0.078161
-0.687761
-1.266461
0.020939
0.401639
0.020739
-1.156161
0.969539
1.019839
-0.988161
-0.138961
-0.938761
1.776639
-1.109361
-0.239561
0.382539
-0.139161
-0.539861
-1.287561
-1.548561
0.291439
1.570439
0.224739
0.386239
-1.654561
-1.722761
1.546939
-1.561061
-0.729161
0.695839
0.941339
0.580639
-0.204161
-1.440361
-1.878761
-2.467561
1.050239
-1.509161
-1.663161
0
3.903239
0.216739
1.157539
0.340339
0.275839
-0.502361
0.044139
1.014639
-0.081761
0.398739
-1.871061
-0.315961
-1.124861
0.174339
-1.006261
1.042839
-0.340861
0.475639
1.650739
-0.377161
2.094139
-0.846961
0.273039
1.062839
-0.719061
-1.221461
-0.732561
0.466939
-0.208461
-1.051561
-0.636561
-1.004561
0.413539
2.845939
0.462539
-0.081661
0.397939
-0.309961
-1.768761
0.595639
0.886839
-0.562061
-1.278861
-0.146761
0.726039
-0.462961
-0.188961
0.108439
-0.571261
-0.211361
-0.147561
0.966239
0.532339
0.951339
-1.586261
-0.613561
1.881339
2.076439
-1.250661
0.458839
1.345839
-0.080361
1.287539
0.847439
-0.139061
-0.199161
-0.059261
0.943139
-0.515561
0.200339
2.728739
0.814139
-0.614961
-0.908561
-0.643461
2.807739
0.095339
-1.010761
0.751239
0.095539
-0.343761
1.244939
0.510439
2.426739
2.349939
0
0.608739
-0.589661
0.034639
-0.126661
-0.987961
-0.290861
1.561239
0.535239
-0.677161
-0.072861
0.177839
-0.215761
-1.613261
-1.020261
0.091139
-0.184461
0.735039
-1.863261
0.520239
-0.611161
0.576439
-0.981261
-0.616961
0.413039
0.036939
-0.935561
-0.887461
-0.609461
-0.919361
-0.347761
0.368639
0.425139
0.327039
0.076639
-0.670161
-0.404561
0.077539
-0.405661
0.271839
0.135639
-0.849761
1.383239
-0.230461
-0.076861
-0.905161
-1.359961
0.374739
-1.941861
-1.399461
0.508239
2.059139
0.731939
-0.195761
0.432839
0.665639
-1.476561
-0.591061
1.230339
-1.409961
0.596639
2.369739
0.366539
2.746839
0.522939
-1.525061
-2.019961
-1.194061
-0.740261
-0.293961
-2.066361
1.086139
0.318739
-0.593661
0.100339
1.413639
-0.921661
1.802239
0.486339
-0.696261
0.604139
-1.025761
-0.977361
-1.717061
-1.184061
-0.120761
-0.954861
3.512639
-0.990961
0.501539
-1.095061
0
-2.355561
-0.307861
-0.081161
-0.722761
3.565639
-0.944761
0
1.280639
-2.104161
-0.203461
0.514139
-0.549661
0
0.698739
1.569439
2.326439
-0.802661
0.316439
0.276039
-0.921661
0.040239
0.079739
-1.086561
0.500339
-1.331061
-0.079561
-1.369461
0.164739
-0.957161
-0.677861
-0.723661
0.523439
0.209139
0
-0.246961
0.146839
2.073639
2.152539
0.080139
-2.301361
-0.120661
-1.198261
0.392239
-1.145961
-0.433561
-0.726561
-0.857361
-0.336161
-0.930761
1.029239
-0.760261
0.044839
-0.125761
1.752039
0.526039
-0.853361
-0.208461
0.886839
0
-0.081761
-0.792261
1.433739
1.060139
1.869939
-1.369461
0.471139
1.851139
-0.897261
1.611639
3.051339
-0.672661
3.153639
-1.650561
0.914839
-0.944561
1.410539
-0.564161
-0.548261
-0.570061
-0.630461
-0.518861
-1.062261
-1.483161
0.495939
-0.472461
-0.533861
2.388839
0.136339
-0.077361
-0.349161
0.759939
1.275739
-0.362561
0.976439
-0.720561
-1.279161
-0.367161
3.221039
2.142039
-1.913961
-0.937961
-1.608861
0.538539
-1.109261
-0.637861
-0.524961
0.489239
1.556739
-0.248961
-0.287961
0.192539
-0.576161
-0.463461
0.485339
0
-1.177461
-1.757461
0.537339
2.313339
0.541039
-2.055261
0.588639
-2.591761
-0.879361
2.482839
-0.708161
-0.356161
0
1.512239
0.431339
-1.462261
1.860539
-1.359261
-0.314461
0
0.217739
0.039939
0.256439
0.609039
-0.370361
-0.802261
-0.137561
1.245139
1.151339
0.308639
0.422939
0.803639
0.037739
-1.327961
-1.229961
0.603439
0.966939
0.593539
-0.228461
0.076139
-0.724061
-2.014561
-0.567361
0.138339
0.550839
0.547539
-0.310661
0.877339
-0.289561
-1.181261
-0.920561
0.653139
-0.137061
-0.864761
-0.415861
0.100339
-0.257861
1.196939
0.492939
0.529539
-0.623361
-0.979961
-0.355761
0.378139
-0.533561
-1.232361
0.564739
-0.239361
0.963739
-2.482361
0.103039
1.018239
-0.703661
-0.262461
1.037539
1.488939
-0.138061
3.927639
0.076239
0.857739
0.906739
-1.142561
0.965539
-1.050461
-0.189661
-0.284861
-0.571061
-1.109861
0
-1.083161
-0.801361
-1.221361
-0.637561
-0.320261
0.222439
0
0.563239
-0.318661
0.381439
-1.096361
-0.200661
0.324239
-0.764061
0.325639
-0.423461
0.792739
-0.482261
-0.484361
-0.242661
0.449239
-0.546261
0.327239
-0.181661
-0.548061
-0.428161
-1.148561
0.271639
0.353539
-0.390561
-0.246961
0.209139
0.042939
-0.660761
-0.456561
1.549839
-0.142761
-0.246061
0.869639
-0.961561
1.883639
-0.831061
-0.489761
-0.677061
0.229139
0.331739
-0.080861
2.759739
0.221139
-0.358861
0.441939
-1.176661
-0.544061
-0.425061
-0.080261
0
1.102339
0.384139
1.085439
0.199339
0.436739
-0.532161
-0.752961
0.260539
-0.298061
-0.198961
-0.079161
0.441439
0
-1.275161
-0.079761
1.091939
1.019839
-0.473961
0.715839
-0.137461
-1.045861
-0.418161
-0.940461
-1.535261
0.165539
0.800339
-0.892961
0.862339
0.285639
0.507539
-0.784961
-0.892461
1.169139
-1.132761
0.799839
0.975939
0.041139
-0.240261
-0.784561
-0.891861
-0.838161
-1.030761
-0.686561
-0.921961
-2.095461
-0.646561
-1.260161
0.994939
1.246639
-0.471761
-0.322261
1.283739
0.302339
-0.873861
0.476539
0.709939
1.024039
-1.536261
2.569639
-0.144261
-0.562061
-1.110861
-1.165461
-2.187961
1.253839
0.024139
0
0.175839
0.348439
1.790439
0.404039
0
0.465439
-0.270761
-0.670861
-0.082661
0.467839
0.170439
0.275239
0.211539
0.838539
0.209039
-0.246761
0
0.623839
0.166339
0.803739
-0.366061
-0.428661
0.618139
0.695839
1.441239
1.240339
-0.690461
1.352339
2.235739
2.569539
-0.075261
-2.113761
0.152739
-0.514961
1.073239
1.232039
0.205539
0.896239
0.406639
0.607539
0.731939
0.599039
-0.958761
1.239539
0.395139
1.075239
0.530939
0.386739
-0.423461
0.545639
0.086139
0.787339
-0.419161
0.120539
0.347039
-1.235261
1.053639
-0.715161
0.524039
-0.768561
-0.826861
0.848239
-0.528161
1.409639
-0.575661
0.488039
1.738239
0.459639
0.712639
0.470739
0.367539
-1.308761
-1.105061
-0.465161
0.738939
-0.959661
0.429639
1.166639
0.422439
-0.712461
0.678939
1.671739
1.992839
-0.149561
0.307239
1.282239
0.029039
0.301839
0.860839
0.155339
0
0.534939
0.610639
-0.551161
-0.475361
-1.014761
1.130039
1.748239
-0.871961
0.606439
-0.547561
0.152739
1.462639
0.472739
0.332639
0
0.636239
-1.503061
-0.418761
-0.327761
0.244039
-2.149761
-1.012961
-0.194461
1.162039
-0.776361
-1.163661
0.575839
-0.946261
0.271239
0.672639
-1.584861
-0.668361
-0.541961
1.541039
-0.116161
0.773939
-0.388561
0.448239
-0.115461
-0.243961
-0.485961
-1.878761
-4.237361
0.617339
-0.993561
-1.054861
-1.030861
1.249539
-0.628161
-0.316761
0.332039
-0.474061
-1.829661
0.124039
-0.054961
0.177539
0.801839
3.096439
-0.225161
-1.395361
-0.681961
1.894839
-0.363761
-1.004661
-0.333461
-0.667261
1.761539
2.215339
0.421339
2.072639
-0.167861
0
-0.879661
0.798739
0.990739
-0.346961
-1.301861
-0.219061
-0.302961
-0.253461
0.752639
0.463739
0.776239
-0.808261
-1.792161
0.082039
-0.221361
1.686339
0.512139
1.120439
1.989339
0.861239
-0.971261
-1.541061
0.110939
-0.100361
-0.539461
1.533639
-0.389361
0.077739
0.949239
-0.706461
-0.212261
-1.180261
0.927139
-0.342461
0.483539
-0.841961
-0.311961
-0.394461
-0.625161
-1.584461
-1.559161
1.391939
-0.639461
-1.368661
1.554039
1.041439
0.130739
-0.069061
1.645039
2.910939
-1.625361
-0.293961
0
-1.137461
0.357839
-0.394761
-0.822261
2.211539
-0.487861
-1.139661
-0.725361
-0.168061
-2.305061
0.913239
0.165539
0.567639
0.314139
0.894439
-1.154961
-0.835061
-1.613961
0.424339
-0.511661
-0.514161
-3.072361
-1.186861
0.750639
-1.600261
-3.250161
1.379839
-1.546061
-0.729061
0.695839
1.961039
-1.704461
-0.224161
0.933039
-3.255661
0.688039
-0.607461
0.419939
0.684139
1.169939
1.547739
0.568539
-0.183461
0.145439
-3.123061
1.921639
-1.072761
1.961039
1.409639
-1.319461
-0.659561
-2.707961
-0.946461
0.534839
1.386639
2.360039
-1.922161
-2.164261
2.287339
-0.876261
-0.564161
-1.700961
0.153839
0
-0.402861
0.809039
0.859539
2.101639
-0.872161
0.728939
1.373039
0.347039
0.199739
0.090039
-0.437361
-0.457361
0.090839
-1.008361
-1.258761
-0.225261
-0.826361
-2.252361
0.484139
0.250439
1.421439
-3.560161
3.592939
-1.383361
-0.729861
1.586539
-1.447161
-0.675961
-0.408061
2.889339
-2.902361
-0.585561
-2.611961
-0.664461
3.492139
-3.744661
-0.365361
1.677139
-2.792461
0.208239
-1.854561
1.010239
-2.576861
1.986839
3.600039
0.384639
-0.180061
-0.724061
-0.729061
-0.243861
2.110239
0.321639
-0.998161
-1.875461
0.268639
-1.085161
0.643939
-2.324661
0.886839
-1.752261
0
1.510839
1.906339
-0.203961
-1.376861
-0.144261
-0.854361
