2.047425
-4.578775
-1.305775
0.446325
0.550425
-3.631575
0.261425
-2.382375
1.609725
2.817425
2.932825
-5.723375
2.492525
2.884025
4.644925
0.998625
-2.971675
-2.940175
0.271925
0
4.192425
-2.013875
5.523325
0.465725
8.367425
-0.180175
-6.824475
0.248525
2.740225
-3.546775
2.765125
-14.459175
-2.554175
-2.462975
-0.441275
3.556725
-3.369875
-2.534475
-5.366175
-0.177775
-6.462775
2.373125
6.166225
-2.335075
0.329125
-15.608175
4.141525
-1.990375
2.675125
-0.087275
5.273825
-4.848875
0.971725
-0.171475
0.964025
-1.829275
-2.865875
-2.419575
2.567425
1.383425
0.812325
0.171625
-2.620075
-2.217675
-1.693775
-1.353975
-1.559475
3.765625
-6.194175
-0.098975
3.156225
-1.295175
3.195525
2.724725
0.843025
4.095525
1.262625
-2.384375
0
-2.820275
1.493825
3.858425
2.665325
0.247325
1.542225
1.708725
7.658125
-0.992975
-2.755475
2.341525
-0.856675
0.150825
-2.230875
3.652425
0
-1.876375
3.106925
1.308225
-3.123375
-0.404175
1.515325
-0.474475
-1.252275
-0.964175
0.407925
-6.854875
2.323525
-3.342775
-2.434975
-2.212275
-1.711475
2.298825
0.431025
0.199525
-1.634175
1.017825
1.238225
-1.595875
1.271725
5.884325
0.160525
-2.183475
-0.249275
-0.360275
-0.777175
-0.867075
0.787325
-0.783975
-0.536575
0.876525
-0.675175
0.507425
-0.704375
0.989825
-0.534175
-1.326475
-0.258475
0.514225
-0.086875
-0.971175
0.891525
-1.057575
-0.722675
-1.018475
0.174825
-3.547675
-2.492975
-1.839975
3.173225
-1.170575
-0.094775
-1.465975
-3.163975
2.350025
-3.287875
1.153325
-1.632175
-1.990775
-4.331575
-1.981575
-0.109575
0.323625
-2.485175
0.700025
2.198025
-2.476275
-1.141475
-6.288575
0.117725
2.615625
19.550425
5.331525
-4.696075
-0.999475
-0.424175
5.223925
5.026525
2.037625
-0.261975
1.072925
1.004125
-2.959275
1.845025
1.437425
-1.504875
2.072325
-4.939275
-1.396475
3.580825
1.800425
-1.599975
0.172725
-2.723675
0.862025
0.707025
2.489825
1.056625
-5.207975
-2.896875
-11.805875
-1.325875
-0.319275
6.093625
-5.345375
-6.282275
2.483525
6.648125
0.549825
-1.954075
-3.041175
-11.388775
-2.766775
-6.274875
-7.408775
4.673325
6.904725
0.946125
-0.939975
-4.049575
-2.649475
0
10.510425
1.041625
1.402425
-0.367775
5.883425
2.044125
4.007725
-2.728675
-1.758375
0.721625
4.834325
9.908525
-1.443975
0.730525
3.928625
-1.780875
3.525025
0.779825
-1.737775
-3.661875
2.160425
-2.502175
1.840125
0.999625
3.387325
-3.773775
-5.014275
-0.610275
-0.988475
0.342425
0.752325
-2.551575
-2.513575
0.642825
-1.886175
2.862025
4.931725
-0.303575
-0.641275
0.608825
-4.516175
1.339525
3.480525
2.084725
-2.374475
-4.322775
-8.364075
4.311325
-0.333575
-0.593975
1.637925
-0.441275
-3.020475
-4.974775
7.869225
4.739325
-0.885375
3.887325
-4.602975
-0.325375
-1.265375
2.083525
-4.372575
-2.698975
9.278525
-1.023175
1.743025
4.407325
0.601825
3.562925
-2.220775
1.117025
6.439725
3.971725
1.409525
-1.102775
-0.997875
3.166225
-0.833475
-2.894875
0.952125
3.540525
-0.571475
-1.778875
3.267725
0.874825
0.951225
-2.304975
-0.569575
-0.858475
-0.981175
-0.670775
1.317125
-1.447275
-0.118775
1.056225
2.178825
-0.854875
2.896725
-1.116775
-0.819175
-1.622075
-0.030275
1.675425
0.624125
2.569925
-0.331975
1.822825
-0.652875
-1.476775
-0.056875
-1.915875
-2.547375
-1.278575
-1.677375
0.656525
3.118025
0.603625
-1.433175
0
1.887025
1.424325
2.247725
0.356025
-3.289075
-0.171375
-2.782275
-3.591575
-0.546375
-1.858275
3.131425
7.667825
-0.364475
-0.225675
0.897725
-1.755775
2.833125
-4.659575
-3.036975
-1.134375
1.747725
-1.335075
-1.653475
0.487325
0.606525
0.421625
1.442625
-0.831775
-1.137775
0.331325
-2.232275
0.245325
0.767625
0.487025
-1.732875
-2.319775
2.245425
-4.241575
1.323725
-3.063575
-0.198775
-2.540075
4.937725
0.449925
-2.536675
-0.824575
-5.479475
0.174225
-1.649375
2.922025
-2.980275
-1.108075
3.933625
-8.129175
2.682925
-0.848175
-5.757075
-2.089675
4.626425
-1.347575
-1.989675
-0.637775
2.400525
1.249625
2.392425
5.994125
0.389925
2.266525
0.553025
-5.997275
1.721525
1.476125
0.105125
2.978425
0.687525
-4.175175
1.319625
2.007125
3.901925
0.464025
1.454625
2.020825
-0.576775
-4.117175
-1.275675
-1.224175
6.326025
-0.712875
3.060525
2.369025
-0.834975
0.278825
1.209425
0.918825
3.190125
-2.887975
0.271625
-0.545875
1.184725
-1.714675
-2.050275
0.997725
0.678725
-2.150575
-1.476075
3.247025
-0.988375
0.870925
1.913425
3.180425
0.820925
-1.195675
-1.151175
0.386325
0.919625
-2.474175
1.779525
2.282125
0.404525
0.316225
-3.916175
1.167025
-0.415975
0.623025
0.235025
0.057625
-2.417375
1.206325
3.280225
-0.492375
-0.494875
1.194625
-0.981475
0.842925
-0.954075
-0.205375
1.575725
-2.416575
2.915525
-5.383575
-2.482475
-1.118375
1.347825
-1.239775
0.029925
-2.351775
0.833025
1.367225
-1.634075
-2.459075
0.064025
-1.243975
-0.994775
1.436725
0.789925
-1.636975
2.792125
-0.227875
-2.368475
-2.126875
1.627425
-3.106575
-0.070275
1.860725
-0.915375
-0.274675
-0.069875
5.175225
3.160325
-0.348975
0.886425
-1.446975
1.975625
0.592725
-2.798975
-0.704875
-1.418475
2.089425
-0.577375
0.127325
-3.408675
2.095125
-1.468175
-2.052275
-0.237775
0.607925
1.479125
0.098125
-5.135575
-1.642475
0.211625
-1.064075
2.433325
-4.125775
2.623525
-2.665675
2.078925
-0.466175
3.842025
-2.042175
-0.495775
1.489025
-2.798575
-2.879075
-1.816175
1.318925
-4.133875
1.435525
0.036925
0.955425
-2.958175
-3.204475
-1.898075
1.767425
11.114225
-5.203275
-3.992175
5.274425
4.174825
-0.220075
1.788225
0.500925
-3.607275
-3.371775
2.873325
2.122325
-2.847075
-1.766275
-0.536575
1.151625
-3.306875
-2.909075
1.131725
3.359925
0.463225
0.152725
1.614625
-0.493575
5.668325
-2.378075
1.879825
0.795125
0.573325
-2.929975
-0.479675
-3.365475
3.594625
-2.217075
2.226725
1.439325
-0.401975
-3.730775
-2.318075
0.776225
5.785625
-3.502475
0.527725
-1.805875
1.262025
-1.967375
-0.117075
-1.082475
1.481825
-1.693675
-3.052975
-4.157975
-9.475075
7.487025
-7.314275
5.834325
6.394725
-0.291575
-0.250875
-4.628275
-2.973375
-0.902275
3.771325
3.152325
3.820325
-1.596475
0.746725
-2.930375
5.608525
0.159625
0.440525
3.998625
-1.847575
2.428125
1.796625
-1.880375
-0.231175
-2.419775
-2.873175
2.428725
-2.966975
-4.198575
2.508225
-4.773175
4.181625
1.838825
2.257325
-2.451175
-2.924375
1.567725
-0.251875
-1.005975
0.971125
-1.173875
0.549425
-4.721175
0.927425
1.882925
-0.646575
-2.079275
-3.316975
5.668525
-1.299475
-1.798875
-2.278175
0.592525
2.178425
-2.223575
5.407725
5.345725
0.899125
6.083825
-3.634275
0.752625
4.685525
-1.242875
-1.601375
2.979625
-3.723175
2.849025
-1.368075
0.191125
2.034725
0.676325
-0.898875
5.847725
1.032525
0.598525
-1.790175
-1.608475
-2.251875
1.186925
1.576625
2.961025
-0.562775
-1.483375
-1.756375
3.206825
2.153325
0.655625
0
-2.268675
2.072425
-0.690075
0
-1.700375
-0.283575
-2.123775
0.251625
-3.534175
0.895525
1.220825
-0.916075
-3.066375
3.770025
-0.221675
-1.546675
-0.748775
-0.151975
1.808625
-0.334675
-0.818875
-0.750675
-0.416675
-2.010475
3.905825
0.147525
1.820225
1.860625
-2.797075
2.911625
0.177725
0.821225
1.062825
-1.229875
-1.671575
-7.012575
-0.234575
-0.663675
2.508425
-4.668575
-1.365775
-0.692975
2.210825
-3.328075
-1.618275
2.316325
-2.554875
-0.762175
0.978225
-1.772775
1.716125
-1.985375
0
1.204525
2.764625
3.352625
-1.724175
-1.591275
2.028425
-2.275075
0.497125
-2.399075
-0.128475
0.507525
-0.676475
-1.997975
1.602425
-0.726675
1.244825
-2.590475
-0.654975
2.586325
5.471025
0.768825
4.302725
0.422825
1.073925
-0.267375
1.217625
-4.818875
0.789425
-0.942875
-0.833075
-1.478975
-1.865975
0.576925
5.624925
0.037525
-2.488775
0.317525
1.627525
-3.949775
0.080025
-1.587375
2.312625
-0.647575
1.299425
2.326025
-1.138675
2.180325
-0.156675
-0.895575
-1.060575
2.060525
0.231725
-0.892875
0.585225
1.476025
-0.920875
1.970825
-1.442375
-0.963275
2.407325
-0.608375
-0.802875
-1.424975
0.662125
-0.854375
-3.169175
-0.526375
-2.437475
0.539625
0.246925
2.352025
-1.534275
-0.042375
0.859325
0.120525
0.972625
-0.041575
-3.137675
-1.744875
0.336625
3.914425
0.809025
0.440725
-1.361875
3.000625
2.243625
0.422325
0
0.995925
-2.090275
-0.311675
-1.713475
1.938425
-0.467375
0.037625
1.987725
2.790225
-1.415075
3.470325
1.019825
-0.831675
-2.039975
1.485025
0.328125
-0.475875
0.915425
-3.017375
0.747925
-3.162375
1.304325
0.264025
-1.702675
3.421725
-1.042675
-0.527475
-0.908075
0.684825
-0.910075
0.036825
-1.987575
-0.040375
0.232525
-0.506975
0.115925
0.467225
-0.506575
0.115825
-0.352575
0.625125
3.578425
-0.639975
-0.795375
-0.077575
1.066525
0.262825
-0.565875
0.339325
0.036325
2.788925
3.813725
0.458025
-0.177275
1.619525
-1.631075
-2.891775
1.051225
1.794625
0.069225
1.902725
-1.385475
3.507425
1.557925
-2.971975
1.821825
-3.852775
-0.774375
-0.178475
2.268925
-3.574075
2.588525
-0.071475
2.033725
0.376925
-0.172675
-1.099475
0.415025
-0.105075
-0.451075
-0.348875
1.358425
0.549025
-1.027675
1.450425
0
-1.568675
0.067825
-7.957075
1.126025
1.076325
-1.692575
-2.319975
0.075225
2.064425
-2.287775
0.113725
0.496725
-0.496975
-0.384475
-0.770575
0.696325
-1.117575
-0.740975
-1.373875
0
0.793825
-0.987575
0.038425
2.467725
-1.283875
0.195525
1.020225
0.504225
-0.697975
0.037625
2.063325
-0.841075
0.999425
0.532125
0.794725
0.073825
0.148925
0.336325
1.195325
-0.075275
1.330025
-0.147375
-0.659275
-0.111775
-0.406575
0.627325
0.917425
0.217125
-0.546475
2.410425
-3.301075
-3.169375
17.506025
2.890225
-0.627175
1.677925
-2.788375
-3.287075
-0.879675
1.992325
-1.521775
-0.442475
-2.875075
11.839725
-4.482175
4.582925
0.304825
-0.408375
1.224725
4.434225
3.279325
0.747225
6.861725
-2.082575
1.418925
4.107325
-3.527575
-5.137875
-4.589275
3.459225
-1.112875
-5.454075
0.197725
2.973025
5.973925
-2.185975
-2.601775
-4.582075
-5.202475
-7.171875
6.812825
3.407325
1.641025
-2.833375
-3.333175
5.171525
-1.642775
0
0
-1.252975
-2.530375
-1.084975
-1.535075
1.333725
-3.179175
0.565625
-3.271275
0.464925
2.667225
5.523525
-0.745075
-2.159275
-2.421275
-3.617675
-2.574375
-4.808475
3.152125
-3.058475
-2.024175
10.048825
0
-0.470375
7.295725
-3.508575
1.585225
1.790625
-3.186175
-0.569675
-3.652675
-2.136775
1.574525
4.884925
-0.911575
0
6.192825
-0.650175
-1.742675
-5.311775
-3.036175
0
-1.690275
1.471125
2.175325
1.412225
1.749125
3.089025
1.333725
-2.197175
0.447625
1.786625
2.194425
6.539925
1.511125
-3.571775
-2.267575
-0.422975
-2.535775
-2.607675
-1.110175
-3.609475
1.402325
-0.808875
-1.047975
-1.875275
0
2.028025
-2.459975
1.917425
2.005925
-2.657275
-1.666175
0
2.410425
2.832525
1.835825
-0.565175
-0.568375
3.527525
1.650925
1.726425
2.129025
0
-1.983075
-0.426975
0.960425
-0.318875
-2.012975
-0.651575
-2.400975
0
-0.889175
1.345425
-0.446375
0
0
-1.336175
0.678225
0.667325
-1.894975
-2.621275
3.273925
2.150625
-1.664575
-3.609475
0.167625
0.108925
2.986125
0.174825
5.965925
4.853425
-3.851275
-3.435075
0.242125
-4.787575
-6.425175
3.918425
-0.736075
-17.124075
7.589725
-3.136375
2.485225
2.940025
0.165425
-2.086475
-0.681675
2.783025
-0.522875
5.758025
2.972825
3.843025
-1.057275
4.547025
3.129225
-2.270575
-6.435875
-4.139475
-2.830975
1.692025
-0.921075
-1.196775
1.450525
-4.982075
-8.690975
-4.464475
4.424825
2.494825
-7.758175
6.907625
-6.343575
2.215925
-1.115275
7.384025
1.197425
-2.378475
7.694625
3.386325
0.328425
-0.408675
3.198925
-2.087275
-13.720975
-3.507575
-8.616175
1.100025
1.651125
0.570825
-7.144275
-1.401775
-1.273675
-6.934475
15.777925
12.477725
-2.111475
-3.049575
7.042225
4.761325
5.210825
-1.613475
0.492425
4.480425
2.000925
8.102025
0.069725
0.573325
2.952125
0.036025
-2.114675
0.750125
-1.259275
-3.221375
-5.193875
-4.096775
3.301425
-1.050675
-1.332275
1.159925
-3.095875
0.587225
1.176325
0.916825
2.921425
-3.182275
-7.053875
-1.223475
1.126225
-3.570875
6.518625
-3.084475
-1.502475
-0.064575
-4.410375
4.131525
6.253625
-2.660875
-1.766575
-3.665475
-8.402975
3.646225
-1.624375
1.370525
-3.059175
1.403425
-2.789575
-2.448275
-2.831175
7.477825
3.464825
5.159725
-5.208375
-0.026975
-1.477375
-7.422575
-8.793775
3.680325
12.946225
-1.008475
0.432125
1.363925
2.970425
2.479625
2.576025
1.363325
11.616625
1.836325
-2.425975
-2.243475
-0.731775
4.759125
0.019725
0.967625
1.014025
2.890225
-0.670475
-1.860575
3.053025
-0.187875
-0.328375
0.132525
0.861125
-1.545875
-0.075475
-1.652075
4.513225
1.466925
1.135625
3.984325
1.128825
-3.427075
-1.806375
-1.384875
-4.729575
0.196325
2.134925
1.071125
-1.523775
2.039825
-1.378675
-1.105275
-1.258875
1.442325
0.602825
-1.062375
-2.206775
0.964125
-2.159875
0.082425
5.934725
4.166625
-3.458975
-0.191275
-0.283475
-0.323675
-1.136575
1.760925
0.116725
-0.571375
-2.650475
-2.438275
1.157325
-1.009575
-3.347875
3.195725
-0.480675
-0.901775
0.174725
-9.703975
-4.190475
3.574425
-2.959375
-0.696675
2.457525
2.652825
0.509525
0.021725
0.660825
1.383125
1.998025
-0.260275
-1.877675
0
-2.004275
-0.487275
-1.249175
-2.960075
-7.765175
0.121425
0.883125
-0.878075
1.285925
-0.770875
-1.012075
1.468525
4.318525
-0.383875
-2.280175
-5.408375
-6.494075
3.745625
0.398925
-2.003975
-4.514175
-8.006875
6.589925
-12.813375
1.493625
1.642825
-5.494475
2.054925
8.873525
0.918625
-1.676175
0.311225
2.319925
-0.999175
0.274425
4.410425
-0.619475
-0.847575
-6.099075
0.787025
1.063425
4.857825
-2.103075
0.909725
0
-8.033775
-2.957775
4.242825
1.549125
3.909025
-2.400975
1.179125
3.145725
-4.038275
-1.796575
-1.498975
4.951125
-1.929375
4.625525
4.950325
-1.851075
5.652125
1.782325
-1.809975
4.312425
0.657325
-1.828275
-1.732675
2.297525
-2.064375
-1.355475
0.789825
1.663225
-1.638775
-3.425175
-0.344175
-1.357475
-3.777075
3.477225
3.110225
-3.019075
-5.093875
-5.999675
3.217225
1.563125
2.426925
-0.930875
1.727525
-2.384775
0.847925
-0.748775
-1.252875
-1.612375
-1.256675
3.116025
2.067625
-3.026275
-1.560975
-0.067375
1.176625
2.283725
-2.086475
-1.402975
-0.475175
-2.271075
-2.573075
0.440525
-1.772575
1.825425
-1.529175
-3.985875
1.406425
-2.717475
-1.924675
1.529525
-4.300475
-1.134175
-0.330675
-1.216975
-6.742975
-2.640475
2.930225
4.764625
7.512325
2.336625
-1.143675
-1.809975
0.625425
-4.755375
-2.043275
-5.164875
-4.957575
3.248325
-0.630875
-2.535275
3.248325
4.419625
4.765225
4.387725
-1.475575
-0.834075
-2.454775
2.325425
3.140025
-3.416675
0.183325
-2.490475
2.281125
1.794525
-1.311575
-4.733275
-2.181275
-0.607875
-1.179175
-3.763575
1.281825
0.204825
-1.603875
1.507625
-1.782375
-2.623875
-0.755475
-2.094675
-0.460675
-5.267875
-5.308775
2.535025
6.225925
1.171025
1.286225
-3.052375
-1.329075
-5.067775
-3.815875
0.981025
0.989425
-3.961375
-3.623175
5.433225
1.936125
-3.820675
-3.207975
-4.431275
0.059125
6.363225
-3.050075
-4.610775
2.169025
6.932525
1.610325
0.256825
5.719725
-3.011675
-4.127675
-0.151075
2.641025
-0.384775
-0.991075
-1.186075
-0.319875
1.088625
-3.273375
-4.921575
-0.567375
-3.518375
0.293625
-3.026575
-1.236175
0
3.025625
0.424425
1.228225
2.700225
-2.468775
-3.785575
-5.868375
2.907225
-0.629475
-11.513775
0
7.932325
-8.155475
-7.335375
12.300725
3.905625
-4.166075
-0.075875
-6.288675
4.506725
-4.111975
-0.530575
-3.512975
3.968825
-5.039875
-6.982675
3.691225
-3.823075
-1.295775
-15.432875
13.053125
6.250625
7.083625
-7.262375
-4.263775
-6.442775
-3.410075
-0.490575
9.057625
3.636725
-1.275075
-0.441875
-1.834475
2.316725
7.330325
5.920625
6.115425
0.233325
7.258625
-1.820875
-9.316875
-3.598075
3.079425
-2.990175
6.160325
-3.116375
-4.453175
4.140125
-3.812475
8.439625
1.507725
0.233325
-0.834075
-5.669175
3.141925
-1.727375
-0.714875
1.988625
-4.364475
2.123825
-4.163375
-0.146175
-1.190175
0.526825
1.749925
-3.472375
1.960025
3.292125
1.381225
-5.456475
-5.182375
-4.720375
0.650325
6.602725
2.974625
-3.982475
7.154625
0.571825
1.651525
1.372325
3.815025
3.434925
0.230425
7.526925
1.026125
-0.143275
-1.683075
-0.362775
2.585625
2.708925
2.499725
1.543325
3.305525
-5.720575
-0.137175
-2.539875
0.742825
1.060525
0.524025
0.771225
-1.805175
-1.126475
-1.139275
5.730325
1.531625
2.033625
-5.255475
6.766425
-0.170975
1.209025
-14.248075
-2.594975
1.154125
0
-6.581975
5.128825
-0.734575
-0.663675
-2.052675
0.888725
0.906725
-2.829875
1.295225
0.599425
-1.117975
-0.447775
-1.584075
-4.102175
-0.224975
5.544825
1.591025
2.193025
3.602925
0.492125
-1.990075
3.255125
3.831725
1.003325
2.126825
-0.703575
0.386425
-3.205175
-3.099975
-3.077975
4.097625
-2.570375
-3.820975
0.664825
2.187525
-14.023775
-2.840275
-0.955475
-4.155475
-5.057875
3.141225
-1.861575
-2.615775
-1.544975
0.680325
-1.186175
3.561525
5.324425
-1.163475
-3.496775
0.393725
-5.084975
3.661425
-1.534675
4.568725
5.404925
-1.076275
-2.919675
1.629625
0.565025
2.595625
-1.129775
-1.420275
-3.787375
1.494525
2.561925
5.403225
-1.631475
-0.694375
0
-0.092375
-4.343875
3.808125
0.702025
0.788225
-1.628375
-4.319875
0.446725
1.846925
1.344025
2.561125
5.296625
2.371425
0.333725
1.278925
-2.776875
1.694525
-0.557275
0.334025
0.945725
2.371725
3.179225
5.197125
-1.441675
-3.478275
1.799725
0.896025
0
-0.738375
-0.948675
-0.518275
-0.676875
0.286325
-1.279375
-1.058175
2.295025
1.512625
-0.387075
3.793125
1.863825
-3.663475
-0.356175
-0.077675
5.063525
2.493825
1.842125
-0.813675
-0.071575
2.503925
1.437625
-1.487575
2.101525
-0.963975
-1.493275
-1.997675
1.145925
4.720825
0.904925
-2.016675
1.608325
0.548725
1.836725
-1.849275
-0.395375
-1.759575
-1.410775
-0.341775
4.005925
-0.395375
1.712925
0.193125
1.723925
-0.616175
2.835625
0
-0.478475
-2.648275
1.240325
0.421525
-0.906875
0
0.232325
2.076225
-2.327475
3.060525
-6.768475
-2.546175
0.066725
3.130025
0.548725
-4.530875
1.717625
-0.835075
-1.046575
-1.930175
0.349825
0.861925
1.340325
1.961625
0.244925
-1.274275
0.586725
-0.068875
1.033725
2.493025
-1.565875
1.852925
-0.131375
-1.759175
0.572925
0.130425
2.082425
1.115925
0.976125
1.450625
-0.063575
-0.956175
-0.839575
-1.649775
-1.118675
0.693925
-0.260375
-1.862075
1.762325
1.623425
0.872625
-1.036875
-0.919575
0.602025
-2.893375
-1.523575
-2.062275
-1.327975
0.740425
1.402225
1.223925
-0.763575
1.286225
-0.759675
-1.686775
2.032925
1.342725
0.131225
-0.244175
-0.134175
1.461025
-2.141575
0.913625
-1.084975
-3.153575
-1.409475
1.356625
1.061225
1.507225
-0.969675
0.771725
-0.768475
2.295125
-0.468175
-0.447975
1.613725
0.506325
-0.945775
-0.710875
2.700725
-0.566675
-0.744875
-0.882675
-0.779375
-0.135775
-0.382675
0.719225
2.055425
1.378725
0.063425
1.121525
1.279825
1.221525
-0.855375
-1.135875
0.296125
0.485925
-0.064675
-0.486575
2.309425
4.122125
0.854325
-0.514375
0.058125
1.881725
1.282625
-1.000175
-0.447675
-0.059875
0.057125
0.797725
-0.446075
0.484125
2.609125
-3.587575
-1.495575
11.843025
-0.996875
-3.265775
-1.658475
1.239425
-0.379675
0.818825
3.523825
-0.961775
-2.984075
0.240925
5.241125
-2.111575
-0.147975
-3.247075
-2.384475
2.377725
2.519925
-0.653275
5.024025
2.497525
7.783625
2.016325
0.855225
-2.724375
-2.338275
-3.209375
5.010825
-5.653975
0.245425
-1.368975
-0.431175
4.357325
-3.177275
-3.529475
-7.144275
-5.970575
-6.742175
16.665325
4.133925
-4.521275
-1.513775
-2.581275
4.033925
1.135025
3.369425
0.476925
3.042025
-4.816575
-2.854275
-3.694975
6.490325
-7.381475
0
-6.774275
2.990125
-0.515875
0.098725
0.931925
-4.228575
-4.518575
-3.504475
3.385625
-8.508175
9.039225
-1.126175
0.805925
8.990225
-4.911175
7.023525
5.643525
-1.756575
-3.068575
2.559425
1.286825
1.082025
-3.511775
4.634825
0.290925
2.008125
1.968525
1.665025
-2.641375
0.475425
-4.271875
-3.006375
0.302025
-0.892975
2.103025
-3.730175
3.871825
1.666325
-4.241575
4.636625
0.971625
-3.458075
-1.585675
2.831825
2.143225
4.596325
2.005925
-3.405575
-0.655675
4.024925
-1.986975
-3.025475
3.117025
0.644525
-0.818175
-7.633775
4.185825
-3.439675
-3.562075
5.643525
1.831525
1.051125
-1.133475
3.525325
-6.534375
1.465925
0.294025
-2.032375
-0.207075
0.601225
0.093225
3.148225
-1.054775
3.670925
-1.028275
-1.505175
0.853625
0.755525
0
3.093625
-0.088775
-3.735375
-2.652875
3.111425
-3.578775
-4.212375
-3.776475
4.125625
-0.099275
2.447625
-4.288275
3.228725
1.805125
-3.169975
-1.326675
-5.174675
-3.498475
3.839925
3.715225
-7.050475
0.451125
1.350025
4.105325
-1.709075
-2.381475
-4.450575
-4.788075
0.135525
-2.697175
12.546325
-2.784075
0.108725
-4.235275
11.481925
-1.615075
-2.496575
-1.790875
-7.763775
5.806625
-5.359875
-5.189775
12.108525
-3.267875
6.963325
1.792325
-2.873575
2.955825
-8.159975
2.166725
-5.991975
0.637825
5.437325
0.826925
-4.669075
3.308425
-2.844975
4.759625
-5.831175
4.211425
-2.734375
-0.489175
1.351525
-7.372275
1.293525
-5.547775
13.772925
-1.306075
-2.917375
4.884525
4.637825
-0.785875
-5.996275
-0.353475
-5.439175
-10.858775
-2.772675
-12.576275
6.519125
6.737325
-1.808575
0
-2.921575
-3.312775
-12.916375
19.998625
1.378425
-12.561075
-0.192575
1.558125
-2.345175
7.915825
-2.710975
1.154725
1.297325
7.383225
-3.583075
2.623725
2.846125
-0.142175
-7.637675
-2.367175
-2.945575
2.012025
-1.475075
2.162125
-7.190875
-2.649275
3.441925
-13.120275
-3.414075
-6.034675
4.858525
-3.587275
3.086325
4.865925
-8.310375
-7.753575
-3.608475
5.253425
2.116625
-3.482875
-7.906175
-1.293075
3.417825
-9.429975
4.009425
3.984725
0
-4.959675
-9.602475
-8.779275
13.661525
-5.286675
0.294925
-1.823175
4.361725
-8.410775
1.310225
2.277225
-5.368475
-4.335275
1.340925
-13.080875
-3.175975
3.670725
-4.745175
-8.699875
-0.437775
9.129425
-8.836675
6.386325
9.453425
9.708625
3.331925
-4.339575
-3.140875
7.621625
5.464325
1.267825
-9.505275
-6.175675
-3.260875
-3.307175
2.562725
8.844825
4.827825
12.358225
-6.701375
5.250525
-1.987075
5.868725
-6.134875
-1.569575
1.166925
-2.521075
0.914125
6.722225
-0.701375
1.710625
13.216425
2.665825
-4.771375
2.458325
-3.755175
-7.212275
-7.137275
1.367025
-2.130175
4.667025
9.172425
-3.622575
5.104625
-6.096675
-0.538175
-0.050475
-6.628775
-6.731175
-6.145675
-0.902275
0.847125
-1.443675
7.803525
-0.906375
5.649325
-2.648575
-0.500775
3.623825
-2.046575
5.603025
-0.157475
-8.391175
-4.495075
2.738325
-6.088375
3.085025
6.944725
4.925825
-5.497675
0.450325
-3.598875
3.555525
1.293625
1.555025
0.600725
1.739625
3.635025
-1.652575
-0.893275
1.745625
5.617725
-0.247675
-0.989075
-2.544975
-1.434375
-6.647275
1.722725
0.217325
-0.656075
-3.076575
-3.684075
2.822125
-4.978475
1.744525
-5.267675
2.934325
1.697625
8.888825
-1.316475
-5.109675
-0.059875
-6.265975
1.997425
-3.430675
-5.644975
-3.227175
-0.279175
0.764625
-3.249475
-3.072775
-0.590875
-4.523275
-6.134875
3.886125
0.317125
-2.937875
-8.096175
8.361625
-2.300275
-3.530775
19.998625
3.367825
3.604725
0.734925
-3.057875
3.836825
8.645525
2.975525
-4.367175
4.687125
-8.074475
7.178125
0
0.656525
-2.496875
4.995625
2.958625
-2.537975
-5.033175
0.912125
2.110925
4.372125
-2.266375
3.706625
3.183025
2.489125
0.843825
0.574825
0.311125
1.660125
1.581825
1.255525
-0.597175
3.445225
-4.443675
-3.235375
2.296325
1.734225
-1.155375
-4.163775
5.348225
2.763825
-2.838975
3.321925
4.969425
1.159225
-2.892575
-1.986275
0.191525
-1.348775
-7.269675
1.997525
-0.671775
1.867825
-1.377475
-5.479375
-0.548075
-0.441175
0.716425
1.369225
0.269025
-2.320675
6.183025
7.954925
0.335825
-1.441575
2.044425
-0.478675
0.718025
-3.763275
-2.871275
0.253325
-3.761575
2.849725
-3.235475
-4.192375
4.815925
0.632525
0.418525
2.978225
-3.503875
1.734525
2.377125
-2.981175
-4.686475
1.036325
0.593225
-8.330275
-1.759875
5.547525
-2.432175
1.505025
-0.343875
-2.120475
-1.639775
-0.715275
-9.468075
0.859025
2.360825
-0.642375
-8.130375
0.209325
5.114225
9.865325
0.180625
1.573425
1.370125
4.704525
-2.136175
-3.732675
-2.446175
2.321325
-1.196075
-0.122275
1.330325
-4.302475
2.932425
0.483725
-2.355075
0.678525
0.305525
3.609425
3.483525
-6.279875
1.094825
1.625125
-4.269275
0.184425
-8.406775
4.924425
-4.374375
2.890325
-1.896775
3.796125
2.501825
-3.320075
-1.167175
-2.557075
-5.784875
2.996525
1.107425
-4.662075
1.580225
3.678725
-6.485975
-0.439375
-3.667075
-1.903975
1.472625
19.998625
-3.197475
-2.096575
1.814425
4.775725
0.667325
2.716025
1.409525
-3.885475
-2.534575
2.473825
2.051725
-1.954075
-1.148075
-4.458075
2.298925
-1.437975
-2.853075
4.891025
-0.996375
-2.890775
1.745025
-1.654275
-3.104175
1.999925
-2.617475
-3.963775
5.383225
-2.390275
-1.496975
-2.830875
-2.416175
2.327625
-4.339875
-0.150075
2.902525
0.939325
-6.166275
-4.050275
3.820325
7.744025
-2.705975
-3.878475
2.814425
3.995625
2.347425
0.415825
-1.178675
3.712725
-3.109475
-4.813075
-4.909775
-3.699375
4.718625
-11.307675
1.807425
12.604425
0.224025
-1.125775
-8.265175
-1.736875
-4.458875
6.248625
7.620825
1.615225
-0.607475
2.209025
-0.299675
7.328425
0.068325
0.625325
1.867125
0.066525
2.578425
-0.067575
-4.305975
0.275425
-3.244975
-2.141175
3.497125
-2.677475
-5.428275
1.528825
-3.769275
2.034625
-0.538575
3.625125
1.041025
-3.907075
0.075325
-0.920875
-3.017575
-0.320375
-4.001375
0.665325
-0.994775
-4.432775
4.635525
-5.018075
-1.145775
-6.679875
4.387925
-8.136675
-2.389475
-3.569175
-4.018275
-5.287675
7.324225
5.524125
5.953425
-3.199075
10.008625
-10.738375
3.668325
3.341825
4.185125
2.464425
0.355125
4.350325
0.253925
-7.471675
-2.753675
2.923125
2.473425
3.844825
6.027925
3.085525
2.126325
-4.708175
1.699025
-3.186075
5.837425
4.272125
4.320525
0.570025
-1.208775
-1.798675
5.269525
5.979125
-2.297975
0
-2.956375
2.628425
0.605525
0.936925
-3.587075
-0.621175
-2.218975
0.494725
-4.796875
3.183825
-0.575675
1.875925
-5.033275
2.013525
-0.074575
-3.222475
-1.665475
2.075525
1.279725
-0.670975
-1.874075
-0.688375
-0.308875
1.000925
4.120725
1.978125
2.083425
2.815525
-1.097275
3.530525
1.804625
0.392825
1.962025
-2.568775
-1.845875
-5.169175
0.352525
-1.552875
4.511525
-5.004775
-1.083675
3.718525
-0.985875
-1.492875
-3.606275
0.821325
-2.078575
0
0.301625
-2.946975
2.333225
2.432125
-2.005875
0.831925
2.778525
4.603925
0.767325
-1.110975
2.873825
-1.705575
-2.359175
-4.049675
1.775125
1.671325
-1.861175
-0.657375
0.805625
-1.893675
-1.781775
-1.738575
0.075525
-2.535975
5.751225
-0.150375
5.446425
0.494025
0.139425
-1.267175
-0.998575
-2.807175
1.553025
-0.438675
-1.172675
-2.075475
-1.816775
0
5.083325
0
0.511825
-1.022575
-1.033075
-2.905275
0
1.302325
1.966825
-0.966475
1.647825
2.874725
-0.073075
2.724625
0.068425
0.138225
-0.071075
4.461625
1.066725
-0.926075
0.798625
0.990725
0.719025
3.379625
-2.517075
-1.807875
4.794925
4.512725
-1.201175
-0.304975
2.008325
-0.717775
-4.150475
0.312325
-1.814975
1.399925
-1.446075
2.930425
0.803625
2.087125
-1.264875
2.375225
1.248625
2.115025
0
-0.058975
-0.750175
0.985325
1.148025
1.021325
-2.082375
3.272625
0
4.169925
-0.908975
-3.395775
-3.849675
-2.843575
0.715025
1.539825
-1.402475
-0.593475
2.678825
3.594925
-1.905075
3.994025
2.797725
0.372325
-2.607775
1.418625
0.214025
-0.538675
-1.514075
-2.579575
0.730625
0.222225
4.125825
1.123425
-1.590375
2.689725
0
0.417925
0.624925
1.087825
-1.745875
0.573025
-2.078175
-6.417075
-0.681275
0.283825
0.738125
0.676225
-1.347375
1.192525
-0.057575
2.696725
1.531225
0.106425
1.614125
-0.425375
1.009825
0.630825
-0.472575
0.945525
-0.261975
2.349725
3.316625
1.727825
-0.826975
2.153425
-0.384875
-1.541275
1.220525
-0.242775
-1.308275
4.412525
-0.705975
1.323125
-1.868775
-1.143175
1.779225
-3.925675
-1.280875
-0.499875
1.201025
-3.021175
3.112425
-1.040975
3.850525
0.191325
0.960125
-1.001375
0.768225
-0.765075
1.008725
0.665325
-0.568975
0.093725
-1.902475
2.130425
0.140925
-2.275175
-2.279575
-1.787075
0.655225
4.865625
-0.384175
0.190725
0.334225
3.725325
-0.600175
1.018125
5.044525
-2.446775
-0.672775
0.719625
2.772625
-1.176775
-1.939675
-0.944775
-1.452575
1.471225
-0.500275
1.046925
2.840325
-0.790875
0.838625
-0.483575
2.113125
-0.303375
0.820825
2.917125
-0.960475
2.272325
-4.365275
2.366225
0.629425
0.667225
-0.457975
-0.877075
-1.179375
2.893425
-1.573575
0.797325
-0.168175
-0.293775
-0.504075
2.735425
-1.148875
0.454725
2.629725
-4.201375
1.308125
2.153025
4.748325
-0.876775
-0.760775
0.550325
2.547325
-0.104975
3.004825
-1.561275
-1.381475
-0.709775
2.991525
1.519125
1.612825
-3.473375
1.949725
4.059225
3.852825
3.940725
2.546725
4.058125
-1.000975
-2.497475
2.601825
-4.907475
-2.802075
-3.701675
3.888425
-1.001875
1.636925
-2.170675
-0.047575
5.390725
-4.167475
-0.275975
-6.792475
-0.624975
-8.769575
11.310825
4.876625
-7.706775
-3.092275
0.640025
7.645925
-3.345375
3.723125
1.195525
0.235225
-4.674175
-1.750875
0.418625
3.193625
-4.669875
-0.579475
-9.305275
8.955825
-0.485975
2.711625
3.181825
1.065225
0.615625
-4.890875
0.422825
-7.181675
6.824225
-1.875675
2.064925
6.973825
-0.860175
4.008925
3.468725
-1.208675
-2.264475
-0.479875
-2.141875
0.696025
-1.575475
5.148125
-3.849275
1.422225
-1.701275
8.280425
1.331925
0.490225
-3.555375
0.237325
-0.150175
-2.088075
0.759825
-0.469675
1.455825
2.392425
-3.844175
3.797425
1.974925
-1.078075
0.724225
1.698625
1.415225
2.443125
-0.246775
-2.270375
-3.413975
3.300125
-3.155275
-0.131675
2.085625
-1.335875
-1.440175
-5.753175
3.390825
-3.192375
-2.028575
2.762825
-3.843975
0.606025
-2.098575
3.146925
-2.455775
2.918025
4.903825
1.402825
0.263825
2.937225
0.712325
2.124525
0.081925
3.465025
-0.497175
-1.765675
1.287325
0.242225
-0.757475
1.876225
-1.256675
-6.344375
-5.127775
2.647025
-3.055975
-1.056775
0.385125
-5.683575
-2.662575
-3.523675
-2.974275
8.187125
4.437225
-2.506975
-20.001375
-5.341375
-4.562875
1.314725
1.274825
-6.481975
-3.466275
0.472225
4.191125
-2.382375
-2.586775
-2.204675
-3.841575
-5.805375
4.916625
8.780925
-11.616075
1.399625
5.525025
9.817925
2.669125
0.579225
-3.026075
-1.644275
8.180625
3.780225
-2.976775
0
-0.268075
4.031625
-1.607675
1.348225
-0.796075
-7.578775
-3.069975
-10.586175
3.214825
7.199425
1.366525
-3.615875
3.748625
-0.917075
3.646525
-3.356575
6.675025
0
-4.348175
1.711725
-10.972175
-10.353475
-3.459775
9.288225
-11.806975
1.762425
5.229225
10.116225
-2.512075
-2.741075
-1.071775
-7.632375
2.495525
0.570025
-4.486975
3.693025
-0.544875
-0.183475
-0.974575
-4.976775
-2.845575
3.325325
10.204725
-1.257575
-5.149275
-0.375675
0.969225
2.324225
1.150125
-3.776075
-2.305275
-2.805675
5.539625
4.254625
-0.537775
5.990225
2.457625
-4.828975
3.998625
3.287325
-0.163275
0
2.187825
-5.608375
-2.803275
2.160625
-1.412175
-0.917275
-3.236475
3.162825
-6.135675
5.177425
4.951725
-3.994675
-8.552875
-2.196075
-2.440375
-0.201375
-1.470975
-1.696275
-1.518575
1.959425
0.651125
3.649225
3.685225
4.570025
0.939725
-11.459975
-5.741875
5.872525
-1.090575
-1.928375
-2.176775
-2.942575
-9.018375
3.816625
12.244325
0.416925
-1.736875
3.778225
-8.306375
-1.411875
-0.942675
-1.939775
-3.102175
-9.521375
13.261225
-7.807775
-1.779575
6.765825
11.100725
2.178825
-6.473675
-0.989975
19.998625
3.866925
-0.186075
-6.507675
-3.893175
-0.378875
-1.344775
5.375725
2.417425
0.872125
2.436125
-4.822875
1.577525
0.905325
1.025625
-4.925175
-3.075175
-3.689775
-1.898275
-0.767475
4.263325
0.844925
0.558025
3.962425
-1.238875
-2.473475
1.422225
-0.377975
-4.296875
-4.489675
1.540025
6.403625
-0.836475
4.314425
0.301325
4.425225
-1.510675
-1.109975
-0.660775
-3.552675
-4.991075
0.252125
-0.471075
-3.195575
3.073225
-0.801675
0.878725
3.888125
1.363225
-1.105975
3.454125
-1.317175
2.767825
1.329325
-2.036875
-4.726575
1.651825
-3.842175
0.970225
7.268725
0.297625
-3.512475
2.641925
-3.379275
3.702325
-0.101475
-3.108675
-0.415175
1.868425
1.222325
-1.881875
-0.617375
2.650125
3.151925
4.421425
-1.340475
-4.420575
1.121525
-3.299875
0.133725
1.010425
2.035325
-0.688575
-1.879475
1.274625
-6.931075
0.461725
-4.008475
3.286425
-1.038575
5.094425
0.239325
-2.196875
-1.439475
-3.453375
3.057925
-3.971375
2.307725
-4.988675
-0.805975
0.693825
-9.514275
-0.510075
-5.071675
-7.227575
-6.629375
10.413125
1.734925
-3.599175
-1.675975
-0.536675
-2.105075
-2.350175
8.647525
1.505925
1.901225
1.273625
-3.553575
7.504425
6.286525
2.079425
-2.559375
2.377625
-1.563875
-2.117775
0.414425
4.760525
-1.187175
1.918625
2.431925
-0.920875
-6.497875
-2.648175
3.736925
6.223025
1.386425
2.508125
4.783525
0.140225
-0.036675
-1.415775
1.792025
5.883025
4.224925
-1.725475
-0.488675
1.173925
-3.357275
2.870125
0.810025
2.606525
1.379225
-1.703675
1.761825
1.050625
-1.899675
2.557925
5.324225
-1.301575
-2.694575
-0.873775
0.727025
2.680125
-4.432175
2.147825
2.102625
-0.472375
-2.249275
-3.238875
1.343225
-1.204675
0.841825
1.175425
-1.317575
-2.451775
4.927125
7.635025
0.758725
-1.454275
0.877525
-0.619675
-2.009275
-0.289975
0.838025
-0.460575
-2.798375
2.431125
-3.042175
-5.317975
2.364525
2.309825
1.444425
0.711225
-3.657075
3.609425
3.483525
-1.057275
-1.991575
-0.531075
-2.604975
-1.854375
0.648625
3.227425
-1.788675
1.242225
-0.121175
-3.150775
-2.943475
0.317725
-6.235475
0.168225
5.044325
-3.225075
-0.434375
-4.484475
8.510025
2.806925
2.667425
0.793725
0.059325
3.606825
-2.196275
-1.288075
-5.002875
-1.181975
2.484925
-0.379475
0.314925
-3.752975
2.848325
-2.580975
-1.930075
2.565325
-1.171375
0
2.497825
-3.658775
-0.534175
2.409025
-1.766675
-0.400675
-4.912875
2.809625
-1.094975
-1.901875
-0.987675
4.979025
3.827825
-0.621475
-1.150775
-0.134275
-1.731275
-2.134075
0.621225
-3.335875
-0.285875
2.031425
0.068525
-2.655975
-4.701775
-2.938075
1.433825
10.820825
-2.554875
-4.356875
5.589125
5.713925
0.297125
1.751225
1.396125
-3.238575
-3.711175
1.787425
-0.677275
-2.485175
-1.082975
-3.810875
0.548725
0.728025
-3.621975
3.304425
2.471325
-4.188775
-18.519875
-4.228675
-4.035575
6.724625
-2.179275
0.803925
6.013625
-2.394975
-8.766175
-4.232375
-2.652075
3.202025
-5.226375
1.581625
0.213525
-2.038875
-3.996975
-5.531575
7.119925
10.083125
-5.323775
-2.920275
-6.404475
8.564925
-1.426075
6.279925
-3.976275
5.881025
-1.287375
-2.815375
-2.092575
-2.465775
4.995825
-6.525475
1.886525
6.062625
0.422125
-0.950275
-6.547375
-4.841875
-4.968475
7.870125
3.442825
3.723225
-2.830575
-1.849075
-4.736075
9.519625
1.748225
0.750925
3.785325
-2.519375
3.266925
-2.247375
-6.215475
0.945125
-5.241275
-1.980375
1.780125
-2.743475
-4.860375
1.574925
-6.208675
7.344725
-0.864475
2.424025
0.909325
-5.536875
2.100525
-2.059975
-0.829375
-1.863975
-1.964775
-0.535375
-5.169175
1.484825
5.995825
-0.330275
-3.499675
-4.994575
5.614225
-2.523575
-3.218175
-0.940675
0.800925
-4.342875
1.814025
5.347825
7.332925
-0.789775
9.402625
-18.040075
5.094625
1.614925
6.845125
-2.137275
6.876925
-3.281075
6.140625
1.324725
-2.440375
3.596225
1.823225
5.778925
2.566925
-2.238975
4.358325
-3.708975
-1.574075
-4.464175
2.593825
1.853625
6.014125
-2.135675
-1.331175
-2.157675
5.508225
5.533825
-0.793075
2.143225
-1.368575
3.463925
-0.097075
0.812825
-3.516775
-3.152575
-3.610975
-1.319975
-5.506475
2.543825
0.164125
0.163825
-3.354875
3.639125
-1.812575
-4.249575
-0.760275
0.057425
1.174425
-2.499875
-0.537775
-1.738975
-3.903775
-1.206975
7.191925
-0.900075
3.868025
1.046325
-3.918475
2.276825
2.108825
-0.230975
2.357625
-2.474675
-0.865975
-5.001375
-0.307375
-0.246875
2.583225
-4.920375
0.187925
0.943225
3.928725
-5.283475
-0.761875
0.764925
-0.888575
-0.384975
-1.092475
-2.337475
1.460425
0.457025
-1.239975
2.506925
3.990925
3.589925
0.297525
1.071325
-1.003775
-1.490375
1.147325
-2.930275
2.831125
3.292025
-3.421675
-0.241475
2.164725
-1.885975
-3.902975
-0.688475
-0.315875
2.017525
7.296125
-1.038875
5.182125
1.050625
-1.480875
1.611525
3.556325
-5.815375
1.233225
-0.832875
-1.734175
-2.049175
-5.460175
0.858625
6.697725
0.284025
-2.960975
1.758125
-1.442275
-2.457475
1.197625
-0.830775
2.507625
-0.176175
6.011425
2.751925
-0.054975
1.875325
2.524925
-2.722075
-3.536975
2.569725
0.905325
-2.749775
0.705125
2.696925
-0.053875
2.680025
-1.691075
-1.720075
3.761225
2.092625
-0.801775
-0.858675
1.728025
-2.501375
-4.257775
-0.054975
0.963225
-0.372875
0.211725
5.155425
-0.203575
5.520425
-0.049375
-2.114775
3.531525
1.325625
2.150125
-0.367675
-0.414975
1.383025
-0.365475
1.140725
-3.524375
2.386225
-1.921775
1.397225
-2.897975
-2.132075
-1.501175
0.440625
-2.006275
2.942725
-0.292175
1.165325
2.881825
3.735225
-2.207575
5.477425
1.046225
1.424125
-2.428975
1.875525
2.912125
0.331725
5.019325
-1.502775
-1.084375
-2.434475
1.494925
1.595725
-3.387075
3.920225
-0.603575
0.564025
-1.647975
1.631925
0.520925
0.438225
-3.423575
-0.536975
-0.622775
-1.710375
1.355725
1.965125
1.393825
1.738825
-0.359375
4.549525
1.067725
-0.416975
0.112425
3.787925
-0.548975
1.724025
1.117325
0.997925
1.023325
0.523325
-1.810675
1.345225
0.383225
1.635725
-1.337875
-3.926375
1.336325
1.104625
-1.236375
3.285525
-0.105175
0.968125
0.032925
-2.229675
1.471325
-4.009675
-1.189275
-0.657075
4.032325
-2.997475
4.032025
-0.036275
3.457725
-0.170275
1.318025
-0.936275
0.335625
2.215625
1.214525
0.907725
2.186525
1.478425
-1.769875
1.577925
-0.125775
-1.869375
-0.953175
-0.449775
1.092625
3.977025
0.396525
0.273025
0.181025
3.306625
-1.058975
0.176725
1.124925
-0.734075
-1.418575
0.058525
2.063825
-0.939775
-2.902475
-1.739175
-1.211475
2.134325
-2.123175
1.538025
3.525825
-1.166975
0.845325
0.568325
1.489425
-0.559575
-1.507975
0.598525
-4.294775
-1.434375
-4.394575
0.560625
1.609425
-0.163175
-2.010475
0.064725
-0.298775
2.418225
-1.069375
-0.492075
2.266825
-0.097775
0.899525
2.517725
-0.343475
0.029825
0.619125
-4.967275
1.296425
6.303425
-1.777475
14.012225
-2.833475
8.188625
-3.692075
-4.197175
9.487725
1.011925
-1.083775
10.914025
1.057325
-2.834675
-3.505375
-2.235975
2.102525
4.221425
-2.588675
-2.131175
3.275625
4.188025
3.353325
0.136725
1.653825
-2.127075
-4.691775
-4.922575
-0.485775
-1.513075
-1.224075
3.027325
5.034425
6.009825
-5.304375
-6.207475
-5.506675
-1.615175
-13.123375
19.710625
5.505125
-5.549875
-5.017475
2.286125
4.305625
-4.474675
7.119725
3.387125
-0.326575
-2.335675
-2.571375
-2.085275
3.473825
-5.859175
-0.443875
-6.084675
7.037925
2.485525
3.800225
2.829825
-1.264275
-6.550375
-4.107575
-3.198675
-7.668775
2.585625
3.423325
0.841525
10.715025
-3.101975
8.345825
2.951925
0.946525
-4.795075
3.813825
2.973625
0.362825
-2.565475
1.388925
-3.282475
4.429025
-0.752875
5.030425
0.045125
0.161325
-5.431875
-2.455375
3.998625
-0.533575
0.849825
-2.485075
3.930425
-4.617175
-9.804275
4.561725
0.342425
-2.320875
-2.429875
3.261925
1.444825
0.473825
0
-2.549975
-0.567575
5.909725
-3.431975
-0.584575
1.331925
0.998625
-2.216075
-3.571875
3.867125
-2.741475
0
5.906725
5.318825
0.390925
1.366525
-1.953175
-1.623375
1.322625
1.551925
-1.385175
-0.075275
3.398525
-3.122675
2.285925
0.455425
-0.815175
2.170425
-0.072275
2.527625
1.151225
0.545525
3.058425
1.846025
-1.685675
-2.000075
2.172525
-5.068275
-3.605775
-4.867175
3.072425
3.811825
-7.795075
-2.376275
3.739125
0.780225
-1.252275
2.278825
-2.453675
0.862025
0.552525
2.001625
-3.339575
0
-11.758575
-1.986975
0.292225
-1.025975
-1.273175
-3.206875
-3.684475
1.219725
13.078025
-2.977275
-2.518775
-0.387275
8.401525
-3.107475
-3.377275
5.136625
-3.994675
-0.932175
0.380325
-7.518175
4.362925
-4.910475
-5.801275
2.535825
-7.820575
-4.940575
-6.590275
9.591525
-6.437575
-2.713675
14.665325
1.760425
-5.195275
5.221425
-14.093675
-3.516575
-6.575875
8.111625
-4.147275
-1.990975
0.969525
15.820325
-0.227775
6.617425
11.740425
-4.160075
-6.228575
6.180225
6.252825
-3.727075
-7.708675
-3.102175
3.853125
12.043425
-4.313875
-6.924975
3.507425
8.066425
-2.949975
-0.809375
1.204225
-6.440575
-9.223675
19.998625
1.748625
-7.495275
-0.598975
5.209025
3.966925
1.708525
-3.003475
-1.548875
4.525525
1.682825
2.216925
-7.958575
-1.038775
-4.512175
-0.400575
1.468225
0.196125
-0.428475
-3.927475
3.226625
-7.685975
-0.902275
0.435025
0.252025
-2.059875
-13.128175
-2.378275
-1.914375
10.814225
1.998625
-5.883775
-3.668075
-0.520375
1.650825
-5.903875
5.407725
-6.469675
-12.403375
12.524925
-20.001375
0.709525
3.645725
5.674025
-6.016375
-6.401375
-7.266375
11.519325
-5.196175
-8.531875
-4.289975
9.813725
-6.866675
2.571625
5.083325
2.450225
-2.772175
6.345825
-8.283975
-4.848675
2.092125
3.894725
-13.422475
1.974325
7.822725
-6.359375
3.688625
6.546625
3.739425
1.866025
0.883625
1.627725
10.479525
13.391525
-2.806475
-13.165975
-1.050975
1.648625
-2.030375
1.477925
-5.773975
-0.743975
7.043525
-4.194775
3.889225
-1.288675
1.006325
0.116025
-3.928675
-2.990975
0.879125
-0.687175
2.949025
-1.708675
0.991225
11.178025
-2.874275
-4.267575
2.791225
-4.567875
-5.452575
-7.048175
5.443125
3.658725
1.259625
4.357325
1.430625
1.939825
-1.847875
-4.822075
-0.310175
-3.966675
-4.194875
1.008725
-1.068075
12.936625
4.533225
2.167525
-2.347775
1.657625
3.769025
-2.170575
6.317925
-0.939875
3.051225
0.969025
-4.250275
-3.804875
3.842625
-6.981775
2.329525
9.220825
-0.611775
-4.300275
4.276725
-3.693675
2.075325
-0.522975
-4.930575
0.439925
5.764725
0.777425
-1.804575
-2.047575
-3.161475
1.326025
-0.055975
-1.694475
-3.001375
-1.261375
-5.453775
-1.903175
-5.192075
3.494625
-0.893675
-3.474075
1.997325
-3.855075
0.610025
-4.592875
3.607925
-4.304675
8.421225
-1.713075
-6.163475
-4.712275
-10.113775
1.748625
-1.066075
-0.084175
-9.529175
1.372225
3.521625
-3.928075
3.359225
-1.583075
0.980725
-4.864375
16.355525
-2.157875
-0.409575
-1.312875
4.483625
0
0.157625
8.411325
0.950325
2.971825
-2.114075
-1.440175
4.305225
4.757225
-0.201775
-3.348075
3.461225
-8.568975
4.391025
1.962125
2.818425
0.399925
-2.333175
-4.844475
-2.653675
-1.326875
0.744925
0.443025
4.497125
1.974625
3.528025
1.736625
2.363925
-0.835775
-0.454475
0.128625
-5.715675
2.753425
-0.872675
-1.624075
2.197925
-2.086075
-3.298075
2.342425
2.288725
-2.172375
-2.081775
0.494425
-1.128975
-2.353475
0.728525
11.375425
3.446925
0.061525
-3.081175
-2.011775
-0.067575
-2.849075
-0.683075
1.508625
1.756525
-0.865175
-2.883375
-0.760475
-0.279575
-1.744775
-0.711075
0.499025
-1.779475
1.229625
9.369125
1.045025
0.257525
1.677125
6.220825
-0.240475
-2.517875
0.736225
3.659425
-2.414575
3.858725
-4.298675
-3.278075
5.080225
2.983725
-3.247775
1.256825
-2.368275
0.725925
3.849425
-5.041975
-1.648675
-1.924475
1.453425
-0.749475
1.631825
1.049325
-1.041175
-0.372175
1.239325
-5.087175
-4.520375
4.866825
-1.613275
1.571325
5.418025
1.161425
-0.969275
1.525825
-3.791975
-14.510475
1.315425
2.092525
-0.991475
1.427225
2.111325
-0.415175
-3.810275
-3.241075
-6.251375
0
1.665325
-2.109075
4.863025
-2.282775
-2.569475
1.516225
-0.630775
1.344625
0.311125
-2.415675
-0.400375
-2.084675
-0.737875
1.729825
-2.918675
-3.590675
-5.282775
5.208825
-1.825875
6.724325
-2.323075
-1.104975
2.402025
-4.192475
-2.713575
-5.576875
0
-3.525175
2.960125
-3.740575
-5.877875
-9.525175
-1.404875
-2.492475
0.363625
10.907725
-7.323775
-5.543875
5.741425
4.012825
4.311925
4.242325
-0.210175
-4.708475
-2.855375
-0.566375
6.475925
-5.550975
1.015525
-6.041675
0.236725
-5.939575
-7.577175
6.829225
10.740325
-5.890475
2.575325
-2.632975
-1.352775
2.862925
0
3.751625
7.349825
-2.392675
-2.005875
-3.864975
-4.020275
6.033125
1.043925
5.400925
5.560225
-2.170775
-4.964375
-3.556975
10.021625
4.501225
-6.714775
0.965325
-4.469475
4.898425
2.758725
4.854025
-1.577775
4.803425
-4.012875
-3.284975
-5.042575
-4.660075
6.816825
-4.150275
3.550225
2.356625
3.349425
1.417025
-3.397975
-2.690075
-4.252175
3.550225
2.035025
5.145725
-1.999375
-0.816875
-6.578975
10.559725
0.695125
2.666625
5.195925
-1.556775
0
3.994925
-3.575975
-2.040275
-3.974875
-2.365875
0.503125
-3.716275
-5.527975
5.958925
-5.001375
5.590725
1.556225
0.100825
0.100725
-3.266675
2.635725
-4.626275
-2.695375
-7.864075
-2.525375
-1.481075
-4.381875
4.710625
7.373625
-3.493775
1.325525
-6.429975
8.650025
-2.694575
0.239325
-1.561975
-6.098975
4.803825
0
5.450925
6.344125
2.208525
4.755425
-3.819775
5.899925
-3.851475
1.579225
2.592025
0.706425
-1.005375
4.055425
-1.853275
-1.093775
0.500625
1.796825
-0.590175
1.084525
-0.684975
1.866825
-1.545775
-6.373875
-5.236975
4.971025
1.261825
7.587025
3.476925
-4.296475
1.169325
3.566625
6.702525
1.045725
2.848325
-2.352375
3.180025
1.248625
-2.058975
-4.455175
-2.815775
-3.259275
5.517825
-6.650275
1.613025
5.606125
0.883625
-6.580275
6.101925
-2.479275
-3.540375
3.479325
-2.364975
2.978125
-0.634275
-1.457275
-0.370675
1.388825
-1.281075
3.794925
3.120825
3.458825
6.102325
-4.493075
7.341825
0.459825
-1.072575
1.390725
-4.425475
-2.874475
-5.999775
1.135025
0.430825
7.227525
-5.539075
1.358025
0.333925
0.416325
-2.247675
2.381625
-0.167675
-2.332775
-1.791675
0.085425
-1.649275
3.614125
1.360325
-3.443875
0.346425
1.385125
6.152425
-0.806575
-0.082575
0.648525
-4.601875
1.013825
-1.843875
1.449125
0.587325
-2.258875
-0.514675
-3.956675
-0.090875
-0.897475
-2.713875
-0.744875
2.994925
8.180425
0.334725
3.432425
-0.811075
-7.674875
1.678525
-1.305675
-2.820775
2.446525
1.237525
-0.700675
-2.290075
-2.253675
-0.830875
6.504225
1.394825
-2.152875
2.988925
-1.794675
-2.870975
1.789125
-0.704975
3.275825
-1.030575
0.345225
3.625525
-1.334675
2.447925
-1.073075
0.248625
-1.996375
1.525325
0.416325
-1.166075
0.335325
2.347625
-0.984975
2.730425
-1.774175
-0.739675
2.643225
0.320725
-0.322375
0.884325
3.031325
-2.712475
-3.106475
-0.083575
-0.494775
1.651525
-1.627375
4.544125
4.820725
-3.244175
1.401625
-1.615475
1.717325
4.299725
-1.621375
-2.022375
-1.758475
1.242825
1.918725
0.450725
1.123925
1.259725
-2.199175
0.522925
-0.597475
-3.074875
-1.238775
-0.941075
-2.135775
1.129525
-0.720175
-3.380275
2.663025
0.971825
-2.170075
3.200625
1.271525
-0.472675
-0.553875
1.903425
-1.558975
-0.080475
-1.743275
-2.579975
-0.084075
-3.229875
3.249225
0.247225
-3.472475
3.594525
-1.819575
0.335325
-0.336975
0.924525
-1.419175
0.337025
-1.856375
-1.633675
-0.525375
-0.879375
3.453025
4.108225
-2.139575
1.847325
-0.331375
0.826425
-0.247675
-0.248275
0.328625
1.149925
0.567725
0.564525
0.079025
2.568925
0.468525
4.363425
2.761925
-0.292075
-4.666075
3.056725
-0.891575
-3.818775
1.010325
-3.314175
-0.798175
0.641225
-1.996575
0.650125
-1.943075
-1.238975
0.499925
-3.575775
-0.346175
-1.298975
2.014425
-3.351875
3.909725
-2.482175
5.086325
1.751525
0.080625
3.523225
-2.376675
0
-0.406875
0.405825
-1.704575
-1.238975
-2.089975
1.619825
0.586325
-2.171675
0.254625
-0.171575
-0.257175
2.391825
-0.752675
2.521725
-1.806175
1.836525
0.162725
1.145225
2.832625
-1.891175
0.881425
-0.240075
1.832725
-1.567575
-2.228875
-1.628675
-2.317375
1.861425
-1.746975
0.506225
1.429625
-1.495175
1.430825
-0.167475
4.075125
-0.880675
4.030925
0.696325
-1.925975
0.548125
-1.562675
1.346725
0.389825
0
-1.014675
3.305725
0.989525
0.602425
-1.801875
0.838925
-1.137775
-0.614375
0.229925
1.383225
0.074525
0.301925
-3.429075
-4.489575
3.594925
0.669725
0.389425
-3.733875
2.638925
2.246625
-0.749375
2.944525
3.059825
-1.400475
-5.458675
0.298825
-1.014275
2.091625
-1.709775
-1.901675
5.172225
4.064225
0.624525
0.770825
6.788725
0.237825
6.043525
-0.582675
-0.699175
-1.235975
4.479425
-2.596675
-1.966575
3.448925
-4.361375
-0.449475
2.327425
1.241725
0.395325
1.372125
-3.026575
-3.982275
-3.170575
4.300825
2.958925
-0.653075
1.928025
2.251125
2.423625
-1.646075
-1.085575
-2.620775
1.334025
1.071625
-3.111775
-1.327775
2.609225
-0.438075
-0.611575
-2.879375
0.630825
2.570325
3.347925
0.461625
-1.162675
-0.933875
-2.335675
-3.625075
0
1.498625
0
-2.346175
3.408625
2.671825
-0.457475
0.705025
-2.257275
-0.718975
0.369825
-0.974475
-1.966775
0
2.624925
-0.372575
1.724125
-1.466275
-1.703275
1.491125
-3.060175
-1.396975
2.316525
0.118925
-1.383075
2.638225
-1.583975
6.531325
-1.888175
-3.962875
0.499225
2.230125
2.200925
-0.363675
2.869425
-2.326975
-1.906175
4.251025
-2.683475
0.955525
2.955925
-0.351175
-0.223075
-0.816175
-2.689975
0.727725
-2.972775
1.470925
2.049325
-1.423175
1.690925
0.944125
-1.425175
2.146125
4.073025
1.893525
-0.773275
0.776525
0.437225
-0.769975
-0.212575
-0.883375
0.657125
-0.549475
3.003025
1.724525
0.524625
1.264425
-0.201375
-3.975975
1.946425
-0.206075
-1.180875
2.057125
0
1.490125
-0.318675
-1.056875
0
-0.102975
-3.814975
1.320225
-0.870975
-0.668075
-0.654875
1.883025
1.307325
-0.104675
2.481425
-0.741575
-2.018275
1.192225
0.955925
-0.306175
1.476225
-0.520175
-1.582775
-0.753475
-2.481575
-3.745675
4.585825
1.314425
-3.689675
-0.217075
0.214825
-6.294075
-4.548575
7.295125
-0.825675
-1.550275
0.248025
3.347925
1.498625
-0.676475
-1.379075
-0.709175
2.230825
0.805925
-0.693075
0
-1.247675
-4.529975
2.545325
-0.475275
0.227225
-1.407675
-3.509475
1.376925
-4.316675
1.687225
-0.527875
1.403325
-0.242275
-0.262975
2.904225
1.214325
4.841725
-0.333975
-0.817075
3.157525
0.216025
-4.521375
0.358425
-2.944775
-3.170075
2.387725
-1.726875
-5.348575
0.926125
2.087225
0.878325
-2.272675
0.517425
-1.033575
-8.741475
9.278625
0.521525
-1.561875
-3.700375
-2.064575
0.155525
4.183025
-1.869975
3.697425
-1.457675
1.990525
-1.303375
-2.660975
2.053225
-0.815275
-0.800375
-2.874675
-0.539275
4.212225
-0.585175
0.542325
0.106825
3.391025
-0.523875
-1.366875
0.403325
-3.140975
4.050325
-0.738075
-1.909775
3.716725
-2.043875
1.466725
-0.819175
-0.424175
-1.954675
3.896425
0.040325
-3.126375
-1.270175
-2.920175
1.142925
0.752825
1.231525
-0.240575
-4.492375
-9.611075
6.892525
-3.072475
0.120525
-1.169875
1.230125
-2.556075
-2.623075
-3.334675
6.072925
0.598825
4.174625
-0.860375
-0.362375
1.109725
-0.144675
-5.073175
-0.202975
6.311725
-2.210375
2.014625
4.355725
-1.279075
3.303425
-0.113275
1.812725
5.344025
1.293225
-0.846575
-1.872475
-2.564975
3.956025
3.115125
1.317125
-2.844175
0.781625
0.387125
-1.223375
2.947125
0.058725
-0.962175
-0.102475
0.807825
-1.646975
1.467725
0.843225
4.106325
-0.192875
1.687325
0.772325
-1.349675
-2.526075
0.096025
-2.822375
-0.561975
-1.309975
-0.042175
0
0.917025
-0.547375
-0.875675
0.326825
-1.575675
-1.538575
2.888925
-1.887775
2.109425
-0.103675
0.387925
-0.266675
3.886525
0.944025
1.188825
-3.105875
-2.906875
-1.087675
1.262625
0.264625
2.447625
-1.375875
-2.101975
-3.261075
-0.086675
-2.327975
-2.514475
5.356125
0.956025
-2.593575
-0.239375
0.085325
0.713725
0.321325
-2.853575
-2.871175
-0.455875
-0.115575
2.055725
-2.352975
-0.230775
-1.610575
-1.403275
1.301925
-3.182675
3.332725
-2.620075
0.598825
1.597625
-0.800075
-0.901175
-0.168675
-0.432175
-1.924475
1.787825
-2.553775
0.937625
0.463725
2.313425
0.427325
-2.230475
-1.505175
-1.010975
1.739925
-0.172475
2.129425
-2.879075
-2.075475
-0.782975
-10.674775
-3.699775
-3.989575
-6.555175
3.060825
12.458725
0.850925
-0.057675
1.323325
3.475725
1.181425
1.087925
0.261425
-1.993475
0.159125
-1.736975
0.052925
2.958925
2.741925
0.127025
-0.360375
-1.004975
-3.432575
0.267825
0
0.965025
-0.905375
-0.511175
2.129125
2.665625
-3.730775
-2.913475
0.191225
4.118325
0.130525
2.132425
2.655325
-1.132075
2.539925
0.147325
-2.426475
2.864425
0.787625
1.637525
-1.686075
0.977825
-0.364975
-1.582875
1.407725
0.730025
-0.606375
-4.189375
0.964325
-3.097275
-4.105275
1.163325
0.534125
0.531225
-1.590775
-0.943475
-0.028575
0.705325
0
1.618025
1.725025
3.706225
2.667325
0.145725
1.247425
-0.388275
-1.555175
0.985025
-0.538575
-1.597275
2.169325
-0.831675
0.835825
-3.884175
-1.043075
-1.028375
0.154225
-0.985575
-0.864575
2.135825
-2.558875
2.729225
-0.181975
-0.983775
-1.698475
-0.266975
1.889425
-0.288875
-4.431275
1.150525
0.730725
-0.808875
-5.021775
3.455725
2.069925
0.648025
0.133025
1.475125
-0.795075
1.598625
-0.263875
-2.343475
-1.914575
3.212925
-0.134475
1.517825
2.912825
-1.149375
0
-0.646575
2.466125
1.899725
0.744925
2.591225
-1.445375
-0.856075
1.353325
-0.122875
-2.677775
1.023625
-0.545775
-0.722975
0
-2.758275
-3.480775
1.120125
-2.193075
0.727525
0.373825
-0.134875
-0.268775
-0.537575
-0.944775
1.495225
-0.537575
-0.648275
-1.113675
2.056225
-9.275575
-0.593975
-5.068475
3.923225
1.660225
0.444425
-0.297275
-2.493975
-0.183975
-0.915975
-1.385975
-1.717475
-2.064875
2.267625
0.474025
-0.316875
0.315125
-2.304175
-1.034675
7.176425
-4.141375
-2.668875
0.651125
2.364925
-2.059675
3.458025
4.529825
-2.542475
-1.381775
-0.716775
3.225425
-1.063575
-1.688475
-2.029475
-0.638275
-0.193675
-3.308975
-0.200675
0.331425
-2.820575
3.070325
-0.829175
-1.837775
3.229925
-1.648775
-0.503875
2.725925
2.096325
-2.569575
-2.143075
-2.526675
2.243925
-2.366275
2.074725
1.354525
-2.844175
-2.066775
-1.231575
-0.713075
6.414425
-0.877075
-3.840975
-4.418375
1.107725
4.569025
-1.225175
-2.479275
2.539425
-1.948275
-4.261275
-3.244175
-3.352875
6.974425
0.450925
4.313825
9.531025
3.775325
1.897325
-2.485875
-6.052375
-4.069175
4.768925
3.708525
3.901025
1.407125
-0.464375
-4.032375
3.068125
1.221225
-2.293075
4.245825
-1.947275
0.153625
1.237025
-1.377475
-0.559475
-0.375575
-2.035775
-3.036475
-0.660375
-5.606675
0.841925
-2.440375
1.070025
1.694725
1.041025
-0.276475
-3.449675
-3.394275
3.140925
-0.718175
-1.264875
-2.926375
0.751925
-1.309775
-1.895275
4.245725
-2.260675
-7.276875
0.734225
6.286625
-5.344875
-0.727175
-2.479075
-4.416175
1.741525
-5.782975
2.725925
7.122525
0.576925
7.596125
-2.291475
5.037725
-0.893875
1.874825
-0.296075
-0.629375
-3.347075
0.921725
0.036725
-1.525175
-2.709275
0.396225
2.968925
1.921725
0
0.376025
-1.843475
-3.869575
-3.547175
-1.488375
1.004925
1.700625
-2.613575
-1.091075
1.269825
3.764325
8.264725
-1.491175
1.321925
-1.680475
3.034725
-0.111875
0.293625
-1.655775
-0.861175
-2.716275
0.967625
-2.112675
1.684925
0.808525
-0.919475
-1.545775
3.645725
-1.628275
-1.309075
-1.014675
2.164025
-0.849175
-1.555975
-0.119775
-2.372875
-0.811075
-0.613575
4.639325
-0.315375
2.557725
-0.577175
-1.545775
1.567225
-0.966675
-0.040375
0.271625
-2.023975
-0.636575
-0.600675
-3.297175
-2.121075
1.697125
-3.717475
-0.044775
0.432425
-0.519775
-2.085575
2.615025
2.202625
-2.538375
-0.218275
-0.479675
-0.831475
-0.309775
-0.575875
-1.112475
-0.360975
1.396925
1.911425
1.919225
0
1.925825
-1.597975
2.389725
-2.545175
2.266525
0.626225
-0.625075
-2.093475
1.708025
0.628925
1.460025
-2.882075
-1.060675
1.925825
5.923025
1.743925
2.415825
0.493525
2.195625
-0.483175
4.281725
-4.537075
0.933925
-1.409875
-0.602875
-1.552075
-2.037475
2.469225
3.519525
1.847025
0.289025
0.469125
1.079325
-2.709875
0.291625
0.984725
0.396425
1.943825
-1.662175
2.370125
-1.159675
2.946025
1.378425
-0.988075
0.033025
1.407125
-0.407875
0.168725
-1.189875
-0.070075
-0.861075
1.004525
-0.928575
-1.318575
1.860225
-0.104775
-1.451175
0.208825
-0.455775
-2.213475
-1.078575
0.652025
-0.470175
0.469625
-0.325975
2.422625
-0.142675
-0.072075
1.591525
1.043925
0.171025
1.065725
1.429125
1.744725
-0.529475
1.491625
1.273525
0.289125
-1.353175
2.249825
-0.448075
-1.507775
-2.832475
0.500925
-0.467875
0.199525
-2.239975
-0.377275
-1.819575
0.208225
-0.175675
-0.071275
-0.211075
2.520525
-1.572975
-1.493875
-0.670875
-0.249675
-0.285875
-1.320875
-1.049475
-1.023975
2.507825
-2.233175
0.919125
0.035125
0.071525
3.606525
-0.212375
-1.658075
0.249525
1.679025
0.068925
0.068925
-2.388975
-0.433075
1.443725
0
0.710925
0.175425
-1.095575
1.890125
0.804225
3.542725
0.166425
-1.341375
2.409525
-0.929775
-0.101775
0.099125
-0.436475
-0.236675
-0.371975
2.940825
2.232525
0.641325
-0.895375
1.094025
-0.702475
-0.418575
1.448825
0.157425
-0.413675
1.686525
-0.659075
1.228125
-0.561975
-1.661275
0.508225
-2.377775
-1.397075
-1.680075
1.672525
-1.845275
2.749425
0.390425
0.226225
-0.098675
-0.456075
-1.469575
-0.233175
-2.689775
-1.331575
1.243025
-1.503575
0.587925
-1.620975
0.804225
0.346125
-1.836575
0.139725
-0.318375
-0.284075
1.061725
1.085625
0.172025
0.448725
-0.725275
-0.487475
-0.803875
0.033825
-1.126575
0.176425
-0.214375
2.097525
-1.255775
-1.624475
-0.252475
2.264025
3.620325
-1.765875
-1.348575
0.663925
0.555125
-0.485675
-0.348975
1.254325
1.548725
0.134325
-1.254775
-0.172875
0.926425
0.645525
0.539925
2.286625
-0.955275
0.729325
1.053725
0.259625
0.389125
0.128325
0.354725
0.321225
-0.644475
-0.583875
0.356725
-0.358175
0.845025
0.862525
-3.641675
-1.334675
-2.028375
1.607825
-2.263775
-3.242075
-1.675975
-2.434475
2.861425
4.731025
-4.575475
-0.059575
3.153925
1.645725
-2.547675
2.316925
0.862225
-1.492775
1.867825
0.916025
2.498625
0.663825
0.659425
0.873925
4.658025
5.188525
-3.453475
-2.858475
3.149925
-3.561475
3.056525
-0.665275
3.142425
-1.801375
0.300025
-0.813575
-2.245075
-4.717375
-2.752975
-5.081875
6.551025
-0.340975
-5.830975
-0.953775
2.402425
5.632425
-1.779175
0.107225
0.794125
0.447025
-0.554975
-2.928275
-0.463775
0.240225
1.732025
-0.684775
-5.505975
1.396725
0
-0.240775
4.615225
-1.028875
-1.688475
0.356925
2.638625
-1.713075
2.084625
-2.847575
0.411725
3.739025
-3.273375
-1.222175
2.649525
3.674725
-0.382575
7.669025
-1.034475
-0.051475
-0.711575
0.394125
-2.775675
0.696925
-3.049075
6.294425
-3.324175
-1.616775
-2.350675
0.061225
2.260025
-4.074475
3.670625
0.192025
-3.896075
-0.056175
-4.110975
-3.572775
3.761625
-1.667075
-1.269375
2.567225
-0.593975
-0.059075
1.499525
-2.077175
5.264325
7.814725
-2.133575
-1.962175
-0.445775
-1.894275
0.389925
1.358425
0.392125
-1.560375
3.392325
1.530325
-0.104775
0.369725
2.208225
-0.110775
0.840725
0.725125
2.179025
-1.015575
0.310125
0.096725
-1.682975
0.828925
-0.050775
1.539225
1.264325
3.355725
1.936625
1.048025
-1.935475
1.310925
1.210525
-1.819975
0.189225
1.474625
-2.910375
-3.862375
0.400225
2.150625
-0.635675
-1.483075
-1.401375
1.369825
-0.153475
-2.606575
1.957425
-0.711775
-3.155875
-0.941575
-2.331875
-2.283375
4.607025
-6.155375
3.453725
-1.041775
2.481225
1.671025
-2.595875
-2.508375
-7.929975
5.758925
1.887525
1.690525
-15.541175
1.046425
-1.753775
-1.974975
-1.551775
-4.244575
5.926025
1.012125
-0.406975
5.560725
0.059525
3.428025
-1.786775
0.188425
1.992425
-2.259175
-0.561375
-6.477675
4.772825
2.112725
-0.121975
-1.138375
3.754325
1.283725
-4.601875
0
1.460525
-1.502275
-0.570275
1.970425
-6.323375
2.266025
2.885025
5.080925
-6.414575
-3.753275
4.165325
-2.063275
-1.180275
-2.802775
1.302725
-5.010075
3.062025
-0.421275
-4.573075
-5.164175
9.120725
-4.709275
-0.142875
0.659825
-0.294675
-0.224875
11.565625
-1.512675
0.867825
-0.469475
-1.070175
0.949325
0.266225
0.126725
-1.131275
4.246625
12.016425
2.713025
-2.419375
0.459225
1.264025
0.279325
3.104725
0.690425
1.416225
-3.954675
1.829025
-3.315675
1.767025
1.754125
2.380625
-2.404975
-1.841875
2.587925
-1.002275
1.185425
1.458225
-1.525575
-3.044875
-3.579875
1.291525
-4.500875
1.248625
-2.574975
-2.623475
6.154825
-3.537475
2.549925
1.037625
1.460925
-1.005575
-6.745075
-3.828575
3.035625
-3.487475
0.630425
-5.715075
2.773325
-4.644975
0.882025
0.021125
4.948125
2.019825
4.296325
-5.116975
0.665925
1.198125
-1.581775
-4.512275
1.779825
6.748625
-0.266075
-1.992175
3.175725
-1.636875
-1.263775
0.570325
3.047725
6.819125
7.482225
0.313125
-2.465875
0.596825
1.933525
-0.967875
2.161425
-0.913575
2.925525
-2.625675
-1.474475
1.898325
0.033125
1.551725
-0.613075
-1.522975
-2.944075
0.669425
0.904825
1.953225
-0.631775
2.058225
1.361025
-0.866675
-0.518275
1.872525
-1.506375
-2.149075
-2.274275
-0.755875
0.973625
0.663025
2.928925
0.451725
-0.214175
-0.982175
1.083925
-0.095075
-0.606875
-0.679275
-1.858875
0.588425
0.497425
-1.525275
-0.434675
0.238425
-0.196275
0.344825
0.423225
1.390425
-1.391475
0.747525
-1.199475
-0.780275
-4.996875
-1.672775
-2.636975
1.852325
3.272625
1.192125
-0.655575
0.657125
-3.917375
-0.269875
1.633225
0.140525
-1.267275
0.362225
1.056925
-1.227775
1.097025
-0.605975
1.757025
1.623925
-0.571275
-1.545075
-0.245475
-1.940175
-0.106975
0.834525
0.865725
0.319825
-1.121875
0.703325
-1.098275
-0.469875
-2.124375
2.030225
-0.924775
3.872425
-0.122875
-1.788775
-0.782675
-3.621875
-0.409875
1.539425
-1.124675
-2.343175
-1.440175
-0.125575
-3.245875
3.276925
-0.416275
-2.709675
-3.106275
4.750025
-0.370575
-3.336475
-1.425275
1.909725
1.078025
1.142025
3.389925
0.369925
0.728225
0.488325
-1.382075
0.111825
2.209425
1.447325
1.148925
-0.148475
1.029525
-1.595175
1.371325
2.531525
0.530725
2.607025
1.923625
0.450425
-2.286375
0.026225
-0.535175
1.682725
-0.356275
0.427825
3.308625
0.209825
-0.036475
0.235825
0.682325
1.600625
-2.015075
0.348425
-0.219275
0.435325
0.381225
-0.954275
0.881925
0.848225
-1.832375
-1.796475
2.031625
1.012325
-1.264475
2.197825
4.079525
-1.039275
0.215025
-0.615975
1.536325
1.397825
-2.395875
0.705525
0.196825
0.707425
1.381625
-0.961875
-0.571875
-0.452175
0.780825
0.897325
-0.487175
-1.579875
0.445025
1.776425
1.567425
-1.235475
0.522625
-0.169775
-1.889075
-1.499675
-1.879875
0.676325
-1.221375
2.128125
-4.713675
-3.283675
-2.354275
0.758625
0.513725
-1.035375
-4.763275
2.474325
2.215625
0.100625
-1.112475
-0.469575
0.309025
-2.552275
1.038025
2.275025
-0.755675
1.406125
-0.167975
-4.635675
-1.546675
-1.965875
-2.951775
2.146325
-0.153775
-1.171275
0.698525
0.295025
4.992525
2.794225
-0.218575
0.594825
-2.437875
1.329225
0.141325
3.096325
-1.217975
-0.542475
0.176825
-0.413375
1.070525
-1.852675
1.211925
-1.106475
-1.933175
-0.638675
0.474825
0.588625
-1.097575
-1.858275
-0.982075
0.879025
-3.561475
-10.119675
0.376125
1.446125
-5.416475
1.673425
-0.293475
0.994525
-1.613875
4.880125
0.054825
-1.203575
-0.683775
-0.951775
0.241425
-2.307875
-0.969375
-0.156375
0.643325
-0.523275
-2.481675
-7.069075
0.656525
7.776425
-3.057775
-0.314175
3.148725
4.001525
-1.147875
1.122925
0.279525
-1.448475
-1.185475
0.657725
0.415325
-1.483275
-1.228775
-0.586175
0.795225
-2.189775
-2.909975
1.534925
1.562125
-1.106275
-1.708675
-1.917075
-1.707075
-1.114075
1.271225
0.752625
1.272125
-1.556975
-3.411975
-2.414475
-3.954975
1.380425
-1.579575
2.112325
2.639625
0.137725
-6.112475
1.448325
2.812825
4.239125
-2.994575
-2.287475
-1.307575
0.943925
-0.289475
2.584925
-2.804175
2.433025
1.922525
-0.070775
-4.862475
-2.118175
3.712225
-0.274575
-4.255175
7.197425
0.855625
-1.937575
-3.055375
-0.543475
-2.785675
2.893025
1.869025
3.526125
0.305825
-0.084875
0.179725
4.198925
2.107525
3.724125
3.955825
-1.480375
-0.333575
1.220825
-1.940675
-1.220275
-1.839675
-2.438475
0.734925
-1.619775
-4.020975
1.906025
-2.103675
1.411725
1.774625
1.475125
-1.853275
-3.141575
0.875225
-0.249675
-0.789575
-3.067575
-6.830975
-1.359375
-0.861875
-5.713875
5.454725
-1.572575
-2.677975
-3.397675
4.903425
-2.518975
0.619125
-5.668075
0.458025
0.332825
-3.471975
4.556425
11.009425
-0.783575
7.977225
-5.229175
11.246725
2.837925
1.749425
-1.404375
0.146325
-3.352575
3.410525
2.681025
0.233725
2.513625
0.341825
1.848125
2.610525
-0.995275
-0.172775
-3.177775
-1.723975
-0.387975
2.405125
0.251325
1.725125
-0.880975
-1.038775
-1.024375
4.132825
4.030025
-0.554975
2.095025
-1.323875
3.102325
-0.890775
0.435825
-2.395375
-1.785175
-0.754175
-0.892275
-3.317675
1.518925
0.790725
-1.560775
-0.213375
2.023625
-1.606375
-1.470675
-0.595375
1.435225
0.587625
-0.624375
-1.581075
-1.453575
-1.436275
1.637925
3.959925
1.339025
2.374625
2.881725
-2.106075
3.336325
0.780225
-0.195275
1.221325
-1.118975
-1.759575
-5.521375
-0.936175
-1.044375
1.692525
-2.542975
-0.722975
2.153725
0.260725
-2.516275
-0.129075
-0.026975
-1.395575
0.219125
0.322225
-0.530375
1.049225
-0.668775
-1.151375
-0.837975
2.094625
2.426025
0.225525
-0.454175
1.009325
-1.739975
0.647825
-2.113475
-0.156375
0.865625
-0.796775
-0.816075
1.341525
-0.850475
1.075525
-2.825475
-0.463775
-0.226975
4.348225
0.699725
4.378325
0.010725
-0.571275
0.242525
3.283325
-3.122675
1.457625
-2.278175
-0.123975
-0.737975
-2.994575
0.381125
3.466125
0.551025
-1.368775
-0.397475
-0.498475
-1.699875
0.379725
-0.330475
1.674825
3.395625
0.107325
1.663725
-1.069475
2.721725
0.138725
-0.642775
-1.550675
1.476925
0.633025
-0.888575
1.164725
1.954625
-1.200375
1.142825
-0.949875
-0.728175
1.741825
1.654825
1.099725
-1.423875
1.351525
-1.013575
-2.855675
-0.787975
0.476625
-0.117375
-0.953975
2.848725
-0.138175
-0.241175
0.777025
-0.807875
-4.020575
0.511625
-2.790675
-2.260275
2.434625
-0.355075
2.764525
-0.025175
-1.430775
2.113425
-0.238075
0.473125
-0.178475
0.436225
-2.050375
0.539625
-1.364475
2.253425
-1.103875
-1.104275
1.319825
1.374425
-0.933675
2.547725
0.184525
-0.905675
-1.686175
1.022025
0.622925
1.192725
0.345725
-3.932675
0.466625
-1.458575
-0.789275
0.548425
-0.961275
2.501425
-1.210275
-0.897875
-1.028275
0.356825
0.023225
-0.173675
-1.579075
-0.126575
1.177325
0.234125
0.171725
0.603425
-0.381675
0.441925
0.280625
2.113825
-0.803575
0.240025
-0.242175
0.143425
-1.218675
0.657525
-0.607475
-0.123375
0.132925
4.571225
0.663225
1.828825
-1.093375
2.471325
0.357725
-1.768275
0.089725
0.885825
-0.238175
2.032725
0.375225
1.510225
1.389925
-2.027575
-0.056075
-2.125275
0.009825
-0.403975
0.447825
-1.253475
2.285525
-0.300175
0.620325
0.594425
0.568925
1.045525
-0.227975
0.236625
0.570525
-0.516375
0.020225
-3.732275
-0.057375
-0.259175
-0.080075
-0.529875
-0.351775
0.304925
0.111725
1.557625
-0.624275
-0.247675
0.402525
0.222125
-0.603475
-0.730575
0.959225
-1.210275
1.913425
-0.657275
1.487025
0.439725
-0.923575
-0.499975
-0.947875
0.504525
-1.131175
0.270125
1.160725
-0.257875
0.535325
0.699325
0.517725
-0.287075
-0.497275
1.238925
-0.854575
0.616425
-0.626375
1.212325
0.729025
0.334125
-0.648575
2.028825
-0.618575
-0.718675
0.440725
0.267025
-0.643875
-0.561775
0.681425
0.666025
-0.953075
0.052625
-2.099875
-2.025475
-0.851575
-0.124275
-3.312675
-2.540775
2.081925
5.609525
-0.240975
-0.244175
3.760425
-2.339275
-3.475975
0.247425
-0.249575
-2.730275
1.911525
-0.377875
5.026525
7.414125
1.557025
-1.425975
3.335025
1.181225
5.000625
-1.825575
-0.826975
1.559225
-0.412275
0.411225
-1.846175
3.548225
-4.840075
-0.530175
1.061825
-0.527375
5.508225
1.904925
-0.690775
-0.695575
-7.294375
2.154925
4.850325
-4.025475
2.724525
0.915125
4.347325
-3.102175
-1.601375
-4.066375
2.222325
1.347125
-1.637375
-2.496175
1.597525
0.312025
-0.418675
-5.148675
4.317325
2.229325
4.462425
-1.888775
-1.015075
0.817425
-1.017175
0.613425
1.629625
-1.505675
-4.583075
-0.534175
3.537325
3.109125
1.806025
5.231925
-0.283575
-2.447775
2.409725
-2.825775
-0.776575
0
2.048625
2.775025
-3.354275
-3.371975
2.589225
0.096025
-2.913475
-0.400275
-0.605375
3.433525
-0.099275
0.390725
-2.435875
-3.793275
3.627925
1.301225
0.985225
2.054725
0.094725
2.487525
0
-0.374175
2.061925
-2.391575
0.470725
1.966025
3.767225
0.440825
-0.178175
-0.442375
-1.154175
0.446725
-1.787775
2.636625
0
0.707825
0.438025
3.066825
0.254425
-1.190175
-0.257775
-1.980475
1.753625
2.155925
-0.086075
-1.014875
2.131925
0.041425
2.797925
0.567525
-2.507275
1.822425
-1.059375
3.373325
-1.487575
0
0.672725
-1.527275
0.106425
-4.587775
-0.314575
3.194925
0.441125
-0.441875
-1.328775
0.839925
-2.059375
-2.838175
1.400525
-1.958975
-3.174975
2.425825
2.605225
-1.156075
-4.440675
4.522825
1.166325
2.427325
2.707425
-3.737675
2.510025
-4.678475
-1.636875
-3.089275
-2.942575
-5.556975
6.548325
2.006125
-2.829475
0.377325
3.529525
-0.730275
-0.982975
2.476925
-2.057975
-3.211275
2.549625
2.609525
2.060225
-1.781875
2.656925
1.649525
1.735825
-0.229175
-3.084475
-0.706175
-2.256175
-1.943075
0.493625
-1.108775
2.987425
-1.121575
-3.394075
-0.507675
-4.200875
0.529825
0.264925
0.392825
3.805425
0.755125
-1.755975
-2.302275
6.143525
-1.971775
0
3.516225
2.668525
-0.474175
0.711225
-4.246675
-5.297975
2.730525
1.770825
-4.478975
1.561125
2.689925
1.748425
-0.125075
0.735725
-0.368175
-1.101975
8.786725
1.363825
-3.592775
-0.584375
-2.225275
3.351925
1.967525
-3.410475
2.940725
-1.603175
0.812525
0.229025
-0.920875
1.854725
1.706125
-0.897275
-0.225575
1.832325
0
-0.410675
0.248725
-1.159775
1.513225
-2.079575
-1.398075
-0.479675
-0.093775
2.588825
-1.552275
-1.723275
0.781525
-0.130875
-5.186575
-5.665475
0.619725
-0.824375
4.355425
-0.995375
-1.246375
-1.079075
-1.337475
0.519425
0.786225
3.741125
0.593225
-3.193475
-4.133275
2.737525
-7.213575
3.339425
-1.941075
1.756825
-4.321075
-4.628875
-3.906675
5.540525
3.149125
5.089125
-2.907775
-0.888275
0.625025
2.421925
-5.145675
-2.289675
5.385025
-5.001375
0.185725
5.999125
2.069125
2.070225
-0.741375
2.064625
4.443525
0.498125
-1.750875
-1.883175
0.431725
1.230625
0.424625
2.826325
-3.458475
2.541825
0.395425
0.789125
-0.432775
-0.257375
-1.679575
-0.704175
0.301925
-0.686875
1.703825
0.896825
2.451625
-2.125375
0.334025
1.374925
1.918725
-1.028975
1.075325
-1.351975
-0.502675
-1.590475
0.924225
1.071825
0.925225
0.553325
-1.351975
-0.830575
-0.934675
-1.080875
-0.041075
-0.973975
-2.566975
1.418125
0.992525
1.926725
-0.198375
5.724225
-0.281475
-1.593175
-0.762575
-0.864275
1.739425
0.454925
1.209825
-0.805375
-1.452875
-2.851375
0.018325
-3.308475
-3.095875
2.309525
0.327125
0.592125
3.172625
-0.178875
-0.929875
0.816125
-0.673875
-2.490375
0.774625
1.315725
0.098625
-0.820575
1.146925
0.855025
0.808225
0.155325
-1.429075
0.792325
-2.363575
-0.384475
0.464125
-1.028775
-0.774875
-0.309075
-1.482875
-2.674775
1.715325
-1.056275
0.211825
-0.448175
3.225825
-0.622475
-1.980575
-1.276575
-1.981975
0.591625
0.784625
-1.257875
-3.358075
-1.431575
-2.235375
-6.715175
-0.657975
-2.263675
-5.436975
0
7.259325
0.101225
0.690225
1.423225
1.578725
3.085025
1.196225
2.909825
0.320625
-1.193475
-1.579075
0.658725
3.769125
3.248425
-1.509575
-0.578375
2.878125
1.018325
-0.130275
-1.399175
2.528625
0.487925
-0.636475
2.469825
0.996525
-4.488775
-1.833275
-0.067275
1.602325
1.468925
0.723125
0.590925
1.155325
0.830225
-0.413775
-0.208375
3.629325
0.999625
-0.714975
-2.576775
1.637925
-0.102175
-1.313175
2.125425
1.740725
-0.513075
-5.441575
1.170125
-0.952575
-2.068175
1.959825
2.444825
1.223125
-0.787675
-2.622775
1.438525
-0.947675
-1.455175
-1.603075
1.455025
1.539725
3.948725
-0.581375
0.883725
-0.360275
0.498925
1.034025
0.885525
-1.388375
1.048525
0.077025
1.859525
-1.174475
-3.679175
0.584525
0.119125
-1.566075
-0.388575
1.717125
-1.731075
2.127125
0.118825
-1.522575
0.608425
0.806725
-0.562475
-0.626075
-5.274175
1.689925
-0.211875
-1.921175
-4.712075
1.127325
-1.787075
0.316825
3.057125
0.746025
-1.485075
0.441625
0.439625
-3.118875
-4.329475
3.077725
-1.655775
-0.935975
3.276925
0.021425
1.003225
2.281625
1.214125
3.950625
0.187625
2.095025
0.039725
0.306525
0.060025
0.877925
-1.906875
0.866525
1.801525
-0.283075
0.705025
-1.303975
0.709325
0.482525
-2.388975
1.026325
1.728025
-0.961375
-0.142775
0
-1.376475
-0.247475
0.039725
-0.145175
0.492425
-0.431375
-3.846775
0.725725
-2.506675
4.767825
-1.019875
-1.198375
-1.106575
-2.322475
0.108625
-1.759575
-1.231775
-2.492875
-0.396275
0.978125
1.522825
2.250625
-1.469675
-4.200975
-0.661275
6.214525
-0.984175
-2.324875
2.169525
2.620725
0.791625
1.287925
0.926325
-1.989375
-1.288175
-0.575875
0.754225
-1.148275
-1.875575
-1.092775
-0.369175
-0.370575
-1.807775
-0.968375
0.832125
-0.804375
-2.382375
1.705925
-2.375475
1.202225
-2.477075
0.048425
6.540925
0.559025
-2.346375
-3.734175
-1.705475
-0.528975
-1.188575
-5.420575
5.836425
-1.048375
-0.672375
-2.625475
-1.255375
6.861625
-2.732075
-2.340875
-2.716275
0.956225
-1.491875
1.621725
-2.004575
2.015225
-0.082575
-2.440375
-11.001375
-15.731675
9.591225
0.201425
3.674825
8.359025
1.919925
-1.209075
-3.698475
-4.397675
-7.222875
6.106825
3.682825
7.549425
1.208025
-0.671775
-2.876975
6.463925
1.701225
-2.624175
4.153325
-1.541975
-4.024875
2.414925
-3.355575
1.175125
-0.582775
-3.071575
-0.996875
-0.214675
-10.260875
3.094925
-3.301675
3.343325
2.607625
-0.645075
-2.366175
-3.286075
0.787625
1.700425
-0.269075
-2.316775
-5.016875
-2.966975
2.756725
-1.343375
3.233925
5.091225
-1.661875
2.169525
4.551725
-4.517475
-3.683775
-1.860375
-4.468875
4.151225
-3.413775
6.246325
6.403925
-0.297475
12.634725
-0.850775
5.611625
-2.155175
1.542325
0.026825
-0.113975
-2.311875
2.969525
1.679325
0.549625
1.587625
-0.351975
1.893125
-0.134175
1.089025
-0.317075
-3.801875
1.150925
-3.174675
1.931425
-3.821075
3.255725
2.101525
-2.928175
1.729525
3.703325
3.041725
-1.028575
0.284025
-3.856475
4.869425
-0.232275
-0.927275
-1.740775
0
-1.877175
1.129525
-3.755375
1.769025
-1.441975
0.991425
-1.694475
4.109725
-0.935175
0.052525
-0.405175
3.079725
-1.207475
-3.132975
-1.316475
-2.361175
0.226125
-0.171575
3.295025
-0.661575
3.321825
-0.885875
-0.785575
0.925325
1.159825
-1.122575
2.401425
-1.266875
-0.909275
-0.836775
-1.794875
-0.665475
3.452625
-3.636275
-1.957275
1.053025
0.252425
-3.798875
0.437225
0.872025
-2.916275
0.028325
-1.487275
-0.725375
-0.062175
-2.555375
-1.967075
1.335325
2.197125
2.149825
0.359625
-1.500175
1.033325
-2.320675
1.417025
-1.916875
1.858525
1.459325
-0.871175
-2.058875
2.470025
-1.146975
1.127025
-2.896475
-2.019975
0.347325
5.462925
1.076825
1.331925
1.548325
2.100525
1.042025
3.822225
-4.033675
0.558825
-0.029275
0.026525
-1.254875
-2.822275
3.336825
4.043525
-1.405275
1.942725
-0.028275
1.046425
-1.516975
-0.244375
1.081125
2.890225
2.132325
-2.523675
2.037325
-0.872275
3.202725
0.874925
-2.830875
-1.789375
2.105225
-0.408875
0.382225
-0.638275
1.793525
-0.429575
1.061125
0.173825
-2.025375
-0.409475
0.869325
-0.305975
-0.943575
1.412525
-0.761875
-2.351275
0.757225
0.881325
-0.361675
0.954225
2.787025
2.387825
-0.900775
0.611825
0.851825
2.125725
1.821125
1.114425
0.435425
-1.901075
0.791925
2.058825
-0.046775
0.066725
2.583625
0.705925
-1.428075
-2.495275
0.592325
-2.157975
0.578625
-0.693375
1.554925
-1.625375
-0.489675
2.358425
1.345325
-1.172575
2.414325
0.955425
1.365125
-1.719175
2.100425
2.100425
-0.616775
-2.798775
-1.539175
2.051325
-1.728575
1.110925
0.416625
-1.688475
1.915225
0.151725
-0.787375
-0.463475
-0.952075
-3.014775
0.965225
-1.824975
1.043425
1.331325
0.678925
0.336425
1.435225
-0.488175
0.354425
-0.510975
-0.558175
-0.538875
-0.564275
-0.567475
-1.846075
-0.418975
0.907325
-0.809475
0.301225
0.602025
1.913225
0.722925
-0.203575
-0.158975
0.404625
-0.540475
-0.746675
0.590225
0.202225
-0.317375
1.221425
0.535525
3.803725
0.727425
-1.299475
1.701925
-1.358175
-1.204875
-1.328375
1.563925
-1.216875
3.272625
0.530525
-0.297675
0.423125
1.097725
-0.565875
0.671425
0.040425
2.148925
0.141725
-0.246275
0.244125
-1.266675
-0.497475
-1.185375
-0.779175
1.227425
-0.378075
-1.892175
1.883025
0.019625
-0.148475
-0.253875
1.348825
0.581425
0.371125
0.802725
-2.333175
0.417425
-1.169275
0
-0.613275
-1.423875
-0.281375
-1.599675
0.832725
-0.371375
1.244025
0.861825
0.362325
0.083925
0.169025
1.125525
-0.716275
-0.573175
0.509825
-1.293975
1.694625
-0.592475
0.572025
0.442025
-0.043375
0.482325
0.333525
-0.940075
0.840925
0.792125
0.475125
-0.887975
-0.459075
0.019525
1.064225
0.122625
0.225725
-2.651375
-3.699375
0.585325
-1.088375
-2.413575
-2.418275
3.432325
2.474825
0.981125
1.234525
-1.715675
-3.621875
9.677825
-0.476375
1.028525
-4.228175
-1.507075
1.790925
0.671825
2.570625
-3.311275
-2.905975
2.829825
-2.676675
0.745925
2.303225
-0.933575
3.239625
1.897325
-2.336775
-0.789975
3.203725
2.483125
-3.322575
2.506125
-2.692175
-1.660475
1.455725
0.704125
0.073725
-1.551375
-4.140575
0.899325
1.652625
2.013125
1.112525
1.400725
-1.087775
0.697625
-3.719775
0.410525
0.306325
-0.947175
2.579225
0.627525
0.548625
-1.244575
2.591825
1.765525
-1.086475
1.924525
-0.455775
-2.235875
0.096925
0.366925
1.906625
-0.385475
-0.073675
-1.809875
1.152825
1.358225
-0.216975
-0.457475
-4.534775
0.175425
3.780725
-1.459075
-1.308075
-1.100575
1.994125
0.518725
1.772425
-0.219275
2.351825
-0.380575
-0.976875
0.863625
-1.525875
0.530825
0.287325
-1.560875
0.071725
-1.121675
-3.326475
1.323425
-3.270175
1.610225
0.433525
-0.510775
3.122025
-2.434375
-0.764775
-0.565475
1.545825
-0.737775
0.638125
-0.713075
-1.281475
0.154225
-2.409475
1.059925
5.669425
-0.622475
0.223625
-0.225875
3.598625
-1.738875
0.317925
-0.980575
-0.124975
0.320425
-0.075375
0.467725
1.448625
-1.503275
1.769425
1.279425
-1.075075
0.698125
-0.456475
1.658925
-1.847575
0
-0.146075
-0.363575
-1.407075
0.342725
1.052025
1.065325
-0.457075
0.914325
-0.311775
1.771125
0.916525
0.068625
-0.653875
3.212325
1.862225
-1.830875
-1.705875
-0.209475
0.207125
-0.741275
0.883825
3.023325
-0.113475
-0.046275
2.624925
-0.679375
-1.741075
-0.068575
0.290125
1.877025
2.413025
0.470125
0.382625
-3.847575
-2.962675
0
-1.436175
-0.070675
2.241425
0.699625
-2.583875
0.482725
0.663925
-0.229275
2.145725
-0.292075
3.228025
-4.215975
-0.772475
1.347225
0.359425
1.886225
-0.883575
-0.357375
0.422925
-0.068075
0.554925
0.330525
-0.398375
1.172225
1.902725
1.201325
0.210825
-1.399075
-0.065775
-4.428675
-1.058275
0.930425
2.092725
-2.537775
-2.422775
2.039425
0.566825
-3.097375
0.931425
1.292525
-2.487675
-1.615375
2.685225
0.924725
-2.295475
-0.494475
2.429025
2.002725
-0.904675
-1.004075
0.067725
2.506125
-4.355075
-2.770075
0.433025
-0.433875
-1.063175
-1.220875
0.936925
1.295125
-1.208775
-1.932475
-1.397175
0.403025
1.005625
1.967725
-0.245775
1.076825
-1.819575
-0.989075
2.218125
2.657825
-0.809375
-0.600275
2.191925
-0.543875
0.022325
0.164625
1.608125
-0.117875
-1.120775
-1.015575
-1.716875
1.841025
-0.263175
-0.335475
0.812825
-0.832775
0.357925
-1.791375
-1.508075
0.418025
2.209925
0.767825
-0.287675
0.716325
1.946325
0.161725
-2.583375
-0.550575
-0.793675
0.361625
-1.496475
-0.539975
-0.739775
-1.067575
-2.632975
-1.030975
1.741125
3.066125
-2.456775
-0.459075
3.446925
-1.729775
-2.137075
1.025625
2.844925
1.431825
0.510225
1.792125
-2.453775
0.071825
3.120625
0.164225
0.494525
-0.800275
0.851325
3.333525
-0.592275
1.827625
-0.270775
0.246225
-0.517875
0.224325
-2.591475
-0.463775
1.694325
0.729525
0.610825
1.102925
-1.806975
-0.523475
1.618925
0.425325
0.065725
-0.850575
1.643925
-1.597875
0.043725
-1.735575
0.777925
0.180525
-0.341875
1.228725
-0.136375
0.201425
2.134925
0.791225
-2.360475
-0.247475
0.222925
0.356625
0.466825
-0.156675
-1.268275
0.066125
-0.451275
-0.136975
-0.725475
0.773625
0.564125
-0.451175
0.043825
-1.514475
-0.459975
0.597525
0.410825
-0.411875
-0.390675
-0.231275
-0.093575
-1.108375
-0.957575
0.587325
0.630625
0
-0.792275
-1.244075
2.277825
0.648625
-1.984775
-3.601375
2.829925
1.399025
0.022025
-0.750275
-1.534075
-0.384475
0.311125
-1.127675
-0.995075
1.296025
-0.315575
-0.728675
0.975425
0.119525
-0.605275
0.849125
-0.507375
-1.987375
0.690525
-0.884775
0.790925
0.440825
1.979525
-1.560175
-1.316875
-0.322275
-0.570975
0
1.493025
1.152025
-0.777675
0
0.829925
-2.644475
-1.670075
-2.711575
-3.620175
-3.215875
0.082325
1.169825
-0.745575
6.691225
2.549425
-0.788175
2.301025
-0.376475
1.856025
0.269725
0.613025
0.291725
2.969925
-0.450775
0.473825
-1.514775
0.238725
-0.743875
-2.511075
0.345125
1.429325
-0.609375
-2.472675
1.754725
1.231325
-0.926875
-3.000375
-0.026675
2.634825
-1.804275
-0.931975
0.201725
-0.989475
1.073325
1.897325
-0.473375
1.097025
-4.445775
-3.903175
0.939725
-1.413175
2.565525
-0.212075
1.477025
-1.744375
-1.113375
-0.670675
0.942025
-0.134875
0.693825
1.724625
1.486525
-3.987975
1.980925
-1.367275
-1.972075
1.655825
-2.620275
1.151225
1.653525
0.212125
2.129125
-0.131775
0.520825
1.297325
1.537125
0.478425
-0.026475
-1.207975
0.762025
0.150125
0.855925
-0.876375
0.124725
-1.160075
0.380925
-2.260875
0.362225
1.706725
-2.036975
0.362225
-0.622475
-0.990975
2.313225
-0.258475
0.926425
-0.512075
-2.593775
1.948525
0.929125
-0.129375
-1.668075
-0.053575
1.537925
-1.594375
-0.027475
0.547025
-0.261075
0.623625
0.930325
-0.257775
-0.335575
0.566025
0.409025
4.008825
0.686225
-0.684275
0.489825
0.927225
1.693525
1.546225
-0.353075
1.669225
-0.741975
0.045225
1.350325
1.171325
-2.001375
0.276925
0.854325
0.296725
0.135825
-0.617775
0
-0.139175
-1.427675
2.075625
0.478725
-0.274375
0
1.253425
-1.556175
-1.237375
-1.206475
1.429525
-1.203975
1.075425
-1.807775
-2.595675
0.725025
1.633225
-0.143275
0.567125
0.139925
-1.577075
-1.196075
-2.540675
0.594125
-1.333375
-0.751375
1.182525
1.293125
0.268925
-0.516075
-3.302675
-0.383575
2.326025
-1.625975
-1.017675
2.693725
1.423225
-2.145275
1.408825
-0.175175
-1.518775
0.453325
1.658125
1.161125
-1.639475
-0.970775
1.153225
-2.358675
1.472625
-2.130075
0.382425
0.839825
-1.037775
0.688325
-0.737075
-0.256975
1.715225
-0.857775
-0.534875
2.246425
-0.251175
-1.403875
0.938425
-1.234375
1.909425
-1.001375
-0.380175
2.026525
1.663225
-0.661175
-1.206775
-0.623875
1.527025
-0.396275
-1.388875
-3.946075
-2.957175
-1.537775
-2.136575
-1.539875
1.163425
-2.416475
-6.763975
-6.575475
2.145925
9.733425
-0.089775
3.508925
3.532425
-1.818075
3.054425
-8.461675
-0.120275
-3.303975
2.767825
2.693225
4.954925
0.276425
-1.026275
-2.492275
4.447525
2.059625
-0.782175
0.839825
-2.638575
0.717225
1.617725
-2.377875
1.437125
0.625825
-3.470175
-0.647075
0.168125
-5.163575
0.593525
-0.149175
1.597725
-0.904875
2.322125
-0.547475
-2.920475
1.457425
0.937625
-3.867675
0.391725
-2.531475
1.574625
-0.457675
-2.354675
2.064325
4.721125
-3.895975
-2.804575
6.330925
-3.745475
1.621925
-0.363075
0.391825
-1.477675
0.396225
2.922825
2.218225
1.127725
3.920725
-2.122575
2.165825
-0.827775
0
-2.279175
-0.143475
-1.310775
1.267725
-1.339975
-4.071775
2.556525
-1.233775
2.969525
-1.155475
3.851525
-1.322375
-1.795775
0.375625
-2.139475
0.500525
-1.881475
3.292025
1.013125
0.342925
0.656325
0.112225
-1.079675
-1.837275
1.109125
-1.851075
2.943225
-0.459075
-0.633575
0.924025
-0.373875
0
1.091525
-1.822175
1.534425
-0.058475
-0.401175
0.457325
2.338825
-0.949475
0.054925
-1.098775
1.563325
0.138725
-0.924475
-0.283675
-1.926675
0.316225
0.545425
1.515525
0.083225
2.477525
-3.382375
-0.428075
2.112925
-1.400375
-0.398675
0.910325
-1.384775
0.456725
-1.055775
-2.305475
-1.269075
-0.240275
-2.156375
-2.662775
2.638425
3.642225
-1.832975
2.767225
1.404225
0
-1.445175
-1.524975
-0.774975
0.778225
-0.715475
-2.009175
1.313625
0.934325
0.925625
0.087525
-0.445375
1.634025
-0.527975
0.410425
-0.880075
0.412325
0.116325
1.292025
-0.668775
2.014425
-1.032275
0.664125
-1.266075
0.639125
-1.476675
1.261125
-0.291275
1.917825
0.569225
0.963125
0
1.150625
-1.918075
1.018125
0.531325
0.165925
0.304825
-2.998875
2.001525
0.138925
-1.822075
1.339525
-1.324575
-1.342275
-0.319475
0.607825
-1.010575
1.571625
0.514825
-1.028475
0.978725
-0.458175
1.575925
-0.227275
-0.595575
-0.969175
1.780725
-1.639375
1.060925
0.794125
1.577025
-1.638475
-0.706575
0.595225
-0.199075
0.366525
0.224125
-0.057675
-0.901975
0.225825
0.452025
-1.157975
0.797725
1.329325
0.445725
0.082025
2.027525
-0.709675
-1.318275
1.194025
0.493125
1.092125
1.134325
-0.643075
0.483025
0.320025
0.212225
1.756725
0
-0.708175
1.000425
-1.671975
-0.877375
-1.233275
0.025725
0.134125
-0.109675
-0.651775
0.107725
-0.900575
-1.266175
0.750525
0.275025
-0.607775
-0.029075
-1.110975
0.587725
-1.005275
0.280325
-0.844075
-0.312975
-0.768675
0.800425
1.930425
-1.394875
0.959625
-0.141375
-1.178875
1.445425
-0.029375
-0.896475
-0.311875
0.734725
-0.703975
0.791125
-0.731475
1.130125
1.397225
0.743425
0
0.518925
-0.573475
1.204125
-0.299175
0.243025
-0.651475
0.325825
0.677925
-1.404875
0.655625
0.161825
1.139025
0.804025
0.398125
0.714825
0.288325
0.208725
-0.499275
1.315425
-0.937175
-0.289975
0
-0.711875
-0.584475
0.531825
-2.308475
0.650125
-0.244075
-0.731275
0.924525
-0.433075
0.676125
-0.997375
0.651125
-1.135875
2.047825
0.560825
0.504525
0.899325
0.654925
-0.783875
-0.237975
0.920925
0.468625
0.674325
-0.646675
1.089825
-0.643875
-0.104875
-0.700475
-2.608975
0.667925
0.663525
-0.291975
0.687525
-0.501375
-3.995075
0.769925
0.272025
-0.982875
-0.799875
-0.306675
-1.003575
0.561025
0.809625
-0.084575
0.664925
-0.718375
-1.112475
-1.265375
0.823625
-0.368175
0.083625
0.621125
0.729825
1.282825
-0.221875
0.523525
0.300925
0.108225
1.312225
-0.649675
1.684325
0.640325
0.397125
0.316125
0.394325
-0.684475
1.771125
1.064425
1.361825
0.480725
-0.329675
0.708025
0.199925
0.550925
1.321925
0.245025
0.785225
-8.285775
-1.303575
0.773525
-2.328875
1.870925
-7.060675
3.796425
5.540925
0.511425
3.182325
4.073025
-4.030275
-5.823175
1.575625
1.302725
-2.044675
-0.522875
0.124425
7.852025
6.056925
2.067425
-1.131375
2.719925
-2.191375
-2.493275
2.776425
-0.109475
-1.696875
7.796825
0.424125
-4.238675
8.299525
-1.946175
-2.918075
4.925625
0.620325
3.348225
-0.284575
-1.484475
-3.813075
-8.426275
-1.819575
-0.223575
1.965925
5.004125
2.061325
1.374325
-1.576175
-1.805675
-4.005575
4.621225
-0.553675
-7.255775
-4.567275
0.606425
2.084025
1.182325
6.960925
-1.218475
1.445025
0.333025
1.753025
-2.794475
2.765525
-1.520175
0.559425
-0.332475
-0.543475
-3.306575
-1.819575
-1.149475
7.941625
-1.077375
3.612625
0.421925
-1.788575
-0.636575
-1.729075
-5.064675
-2.316175
4.264025
0.216825
0.688025
-2.920275
0.926625
0.219325
-1.028875
-2.670975
2.379625
0
5.691625
-1.462375
-3.323975
6.465725
-1.285675
0.209625
0.875825
7.059525
-0.504975
1.223125
-1.614275
-3.083375
0.641425
2.049025
-1.088375
-0.101275
0
-0.518075
-3.770875
3.045325
-0.744775
2.228425
-2.282475
-5.862675
-1.358875
-0.808675
-0.334375
-1.745975
4.116525
4.534225
-6.943375
-4.887575
2.194725
1.456825
-2.497575
-3.143375
0.118725
1.758625
-3.696375
0.243525
0
0.650125
2.142625
-1.981575
-0.122575
-2.024075
-1.694175
2.371625
2.049925
0.501125
1.998625
2.194725
4.334725
-0.700175
-0.223575
-2.562575
-0.953775
-1.693675
-2.427075
-2.767975
3.091425
0.998625
-2.971675
-3.307475
1.560425
0.913025
-0.907475
-3.887475
-0.952775
0.675325
-0.131475
-1.217175
-0.836575
2.791225
-2.308375
-2.627775
1.993225
5.131925
-2.770375
1.629025
2.266025
-2.615875
1.609425
2.260325
-5.044775
-5.443275
-0.438775
1.154725
3.724325
2.885325
3.746725
-2.189675
3.417825
-0.123775
-0.389575
-3.344975
-7.280675
3.706525
3.463625
4.520825
-1.531975
0.641125
-1.401675
-1.588675
-2.632975
-1.505275
9.115725
-0.630075
5.876225
0.596125
-1.917475
5.116825
2.674725
-0.797775
0.345325
-1.019575
-5.622275
0.971725
-3.027575
1.489425
-2.312375
1.361925
-5.064675
1.956925
5.740325
1.447925
-3.582375
3.831125
0.721625
0.338625
1.429325
8.461925
-3.851475
-4.005675
0
-2.207575
-2.010875
0.482325
1.923925
3.304225
-1.372775
-1.632775
-4.241875
3.442825
1.558725
0.223425
0.933225
-0.705075
1.080325
-0.794775
5.633725
-1.937975
-1.688975
-1.681475
-1.190075
2.743025
-4.318975
-3.634275
6.050225
1.214725
-2.034675
-1.888175
0.690925
1.984825
-5.975175
-1.017075
1.165625
1.569825
-0.157975
-1.766475
-3.495075
1.198425
-1.125675
2.438125
2.319525
1.872425
-1.685775
-4.865475
1.012925
-3.280075
1.375725
-1.924075
0.957525
1.053925
0.896725
-2.899375
1.405525
4.266025
1.389725
-1.254075
1.931725
-0.238475
0.275825
-2.864675
1.381025
1.342125
1.383625
-1.835875
1.072225
-1.201175
-1.056475
-1.309175
0.386025
7.086325
-0.437575
-1.506175
0.636825
-3.729275
1.136325
1.123525
3.101625
-2.064575
3.400225
-0.786375
0.036325
-0.152075
-1.830875
-0.135875
-0.751675
3.545825
1.271525
0.460725
-4.325175
-0.674475
0.211625
0.539625
2.227725
0.600125
-1.869875
0.703125
-3.196675
0.018125
0.506325
0.542625
-0.059375
-1.412775
0.606625
-1.073475
0.688325
-0.157975
-1.549775
0.675525
-0.831875
-1.297475
-2.728675
0.767025
0.699325
1.922525
1.303825
-0.932975
-1.962175
0.202725
-1.223375
1.792425
-1.155875
1.945325
-1.066675
-1.261075
-2.593975
1.920925
-1.555775
2.840725
6.139825
2.023725
1.095025
-0.244475
1.179525
0.461725
0.090825
-2.304275
0.130625
3.765125
0.724625
-0.163575
0.846825
0.034425
-1.593475
1.780125
-1.072975
-1.608175
1.062825
-0.999875
-0.661575
-1.053575
-2.613275
0.305125
-0.688875
-0.597575
-1.723175
1.553725
-3.199675
0.599325
-0.996575
2.431225
-1.100475
-0.576875
-1.897575
-3.154975
0.944025
0.831125
1.443425
-3.622975
-2.429075
0.020225
-4.825075
3.066825
0.219125
-0.309375
-1.435975
5.865125
2.367525
2.230025
-0.183275
0.221325
0.523925
3.696325
2.188525
-2.333975
1.746225
-2.463175
1.896525
2.974825
-0.262375
-1.104375
1.095025
-0.637175
-1.732675
-0.614175
2.137325
0.055225
-0.812075
-0.248475
1.561125
0.223725
-2.846775
-2.506175
1.579625
1.632825
1.396025
1.754325
1.928125
-2.039975
1.262125
1.099525
0.869725
-2.376375
1.878425
1.301125
-1.608475
1.178325
-0.091075
-1.042675
1.232325
-0.090975
-1.203175
-0.146575
-0.637775
0.913525
-1.034875
1.079625
2.536225
-1.680675
-0.504775
-1.934875
-0.351475
0.460925
-1.786775
1.310425
3.309725
-0.126675
0.895025
-0.036875
2.327125
-0.765675
1.784025
0.376925
-0.035675
-1.372375
0.867425
-0.121975
-0.656775
-0.365975
0.782725
-2.490975
1.062425
-2.106675
-0.073075
1.989325
-1.548775
1.373825
-0.723675
2.944525
3.187725
-0.318775
-2.129775
0.392425
-1.229375
3.175925
0.383525
-1.201775
-0.608875
-0.171175
0.134725
-0.833575
1.300225
1.858325
-0.250375
0.031925
0.614025
-0.761875
-1.234075
1.229825
-0.784475
0.670325
1.166225
2.389425
0.240125
-0.386875
1.288725
0.269325
-3.526275
0.229025
1.312225
1.327625
0.014625
-0.481175
-0.387075
0.450325
2.375325
-0.315075
-0.142975
-0.442575
-1.552475
-0.242575
-1.242275
1.450925
-0.274775
-1.130375
-2.839875
-1.059175
-0.561375
1.159025
-0.237575
1.080825
0.533925
0.780625
-0.661775
1.760325
-2.124475
0.115425
-1.184675
-1.924175
1.340025
-2.343175
0.867425
-1.034975
-0.784675
-2.106675
0.715425
-0.606375
1.681425
-0.265475
-2.472675
-2.281875
1.887825
2.507225
-2.484075
-2.419975
2.570325
4.268225
-1.081675
2.781825
-0.035675
-0.909975
-2.077475
0.352025
-0.864075
-1.404275
-1.316175
-0.475875
-0.991675
0.202325
-1.757375
1.597825
1.776425
-1.566175
0.608625
3.617925
0.087325
3.275825
-3.088875
0.795125
2.386725
0.410225
-1.948475
-1.586475
-2.691675
1.399125
-1.167275
0.942325
3.738325
-4.663375
-1.110275
-1.802875
3.031225
1.742825
-0.715675
-1.709975
-1.629875
0.779825
-2.456175
1.115025
-6.663075
-3.269175
-1.742275
-1.920775
-4.087375
1.119725
6.295725
-1.962175
2.509225
2.800625
-0.829175
0.120725
-3.620775
-2.743975
-1.085975
3.682825
2.325225
1.672825
0.018925
-1.607075
0.618325
8.025725
3.970525
-1.682975
1.671825
-1.665275
0.575025
0.294425
-1.955275
0.393425
-0.525675
0.525725
-0.375875
0.524925
-3.011875
0.904725
-2.676175
3.610725
0.945925
2.813925
-1.060175
-1.993975
2.408225
0.642025
-0.896375
0.219825
-1.251875
1.860825
-3.840475
-2.111675
1.066825
3.207725
-4.600175
-3.904575
5.014825
-0.755575
-0.430075
1.270625
-2.706675
4.467325
-3.537475
1.772325
4.239525
0.593125
3.950625
0.833625
-2.520775
1.715625
0.211825
-0.533275
2.012925
-1.329375
1.521525
-2.199175
0.712025
-4.729575
-0.466075
1.866025
-2.017875
1.813425
-0.148375
-0.627075
0.054225
-1.907675
1.602425
2.097025
1.071725
-0.145375
-3.263175
-1.417175
2.795325
-0.828575
-0.353575
0.110225
-1.079075
3.003925
-1.715475
0.889125
-0.828875
0.944325
-2.609775
0.036325
-2.244975
1.232925
-0.934875
-1.193675
-1.636275
2.768725
-1.926675
-1.100675
-0.438075
1.254625
-2.364075
0.220425
0.119325
-1.207175
3.009225
-0.258075
2.156625
-3.102175
0.378625
0.536625
-0.932775
3.859425
-0.579175
-0.660075
0.252125
-1.596375
-0.574575
-0.657475
-1.922575
-1.919375
1.038725
-2.616175
-0.424175
2.291625
-0.167375
-1.103275
0.482125
0.563525
-1.915275
-0.870975
0.105625
0
0.490225
0.487825
1.268425
-0.440275
3.168225
-0.143775
-0.632975
-1.416175
1.704125
-2.578075
1.656925
-1.240275
0.688525
-0.208975
-0.563175
-1.863675
2.088225
-1.003875
1.517625
-2.058775
-0.701575
1.494325
4.314425
-0.384875
5.286325
0.537425
1.529725
0.111725
2.935925
-3.934075
1.807425
-0.263175
0.392425
-0.767175
-2.071775
0.748225
3.146325
-0.038375
1.016225
-0.514175
0.440425
-1.577575
1.637325
-2.932875
-0.624275
5.012825
-1.357875
1.593825
-0.777375
1.835625
-0.019275
-1.555475
-0.200975
1.980425
0.872225
-0.460875
-0.676075
0.374025
-1.016475
0.592325
-1.485875
-0.128475
1.434725
1.611525
-2.135375
-2.866775
-0.261075
-1.563875
-0.851675
0.646625
-0.417975
0.588125
-1.702675
0.960125
1.617625
-1.013575
-0.380075
-0.286475
0.742025
1.909725
1.409725
-1.832175
0.315625
1.801925
1.149125
-0.651275
-1.727675
2.162125
-0.345275
0.325525
-1.359075
-0.423475
-0.959675
1.598925
-0.770575
0.386225
-1.086175
-0.242975
1.265625
2.537725
-1.383075
2.891625
0.263925
-1.659175
-0.234475
1.616425
0.210925
1.181325
-1.170275
-1.501775
2.149125
-1.825975
1.678425
-0.704375
-1.541175
1.005325
-0.054775
-1.194375
0.737525
0.016525
-1.146075
1.011825
-0.950675
0.794325
2.259125
1.349525
-0.122575
1.905025
-1.242875
-0.242475
0.292125
1.410025
-0.069275
-0.171175
0.696125
-1.336075
1.197225
0
0.015525
0.320025
-0.220575
1.266125
0.098725
0.165325
-1.982075
-0.510775
-2.612775
-0.369375
1.142025
-0.036175
0.468325
1.158825
-1.422075
1.561425
-0.599775
-1.841775
0.962325
-1.736875
0.475525
-0.159575
0.755625
-2.412675
2.165125
0
0.734725
0.885925
1.567825
-0.646575
0.750525
-0.917275
0.905825
0.643225
-0.439575
0.540325
-0.927475
0.270525
-0.052175
-1.239275
0.788425
-1.006475
-0.552075
1.677125
0.151825
-0.086375
0.253725
0.151325
-0.644975
-1.262875
1.189925
-0.325575
-0.514875
0.273925
-0.550475
-4.211175
-0.937975
0
-0.510475
0.894125
-0.254975
-0.473475
2.315725
-0.072675
-0.608075
-0.109075
-2.050275
-2.716975
-0.623775
0.624925
0.866225
-0.150975
-1.480775
0.644925
-0.265775
-0.588375
-3.353775
1.279625
0.991025
1.347325
-0.476675
1.374025
-0.566675
-0.626775
0.151225
0.722125
-0.228175
0.510225
